2019,'1346481',1332,,30,15,,,0
2019,'1346486',1732,,31,15,,,0
2019,'1346498',1132,,32,15,,,0
2019,'1346500',1132,,33,15,,,0
2019,'1346522',932,,34,15,,,0
2019,'1346525',832,,35,15,,,0
2019,'1346536',732,,36,15,,,0
2019,'1346540',1032,,37,15,,,0
2019,'1346554',1532,,38,15,,,0
2019,'1346572',1332,,39,15,,,0
2019,'1346584',1632,,40,15,,,0
2019,'1346585',932,,41,15,,,0
2019,'1346589',1232,,42,15,,,0
2019,'1346595',1132,,43,15,,,0
2019,'1346607',1532,,44,15,,,0
2019,'1346615',1232,,45,15,,,0
2019,'1346620',1432,,46,15,,,0
2019,'1346623',1432,,47,15,,,0
2019,'1346628',1032,,48,15,,,0
2019,'1346632',1632,,49,15,,,0
2019,'1346651',1332,,50,15,,,0
2019,'1346656',1732,,51,15,,,0
2019,'1346660',1532,,52,15,,,0
2019,'1346662',1032,,53,15,,,0
2019,'1346671',1732,,54,15,,,0
2019,'1346672',1432,,55,15,,,0
2019,'1346674',1632,,56,15,,,0
2019,'1346682',1232,,57,15,,,0
2019,'1346688',932,,58,15,,,0
