4019,'1346487',1402,,117,14,,,0
4019,'1346489',1302,,118,14,,,0
4019,'1346503',1602,,119,14,,,0
4019,'1346517',1602,,120,14,,,0
4019,'1346520',1302,,121,14,,,0
4019,'1346521',1202,,122,14,,,0
4019,'1346523',1702,,123,14,,,0
4019,'1346526',1002,,124,14,,,0
4019,'1346527',1702,,125,14,,,0
4019,'1346533',1402,,126,14,,,0
4019,'1346538',1102,,127,14,,,0
4019,'1346545',802,,128,14,,,0
4019,'1346549',1602,,129,14,,,0
4019,'1346550',1202,,130,14,,,0
4019,'1346568',1302,,131,14,,,0
4019,'1346597',1502,,132,14,,,0
4019,'1346600',1102,,133,14,,,0
4019,'1346604',902,,134,14,,,0
4019,'1346605',1502,,135,14,,,0
4019,'1346624',1002,,136,14,,,0
4019,'1346644',1002,,137,14,,,0
4019,'1346655',1502,,138,14,,,0
4019,'1346673',1202,,139,14,,,0
4019,'1346676',1102,,140,14,,,0
4019,'1346685',1402,,141,14,,,0
4019,'1346691',1702,,142,14,,,0
