1019,'1346483',920,,1,5,,,0
1019,'1346492',1720,,2,5,,,0
1019,'1346493',1220,,3,5,,,0
1019,'1346501',1120,,4,5,,,0
1019,'1346506',1320,,5,5,,,0
1019,'1346513',1720,,6,5,,,0
1019,'1346541',1420,,7,5,,,0
1019,'1346556',1020,,8,5,,,0
1019,'1346558',1520,,9,5,,,0
1019,'1346570',720,,10,5,,,0
1019,'1346574',1320,,11,5,,,0
1019,'1346575',1520,,12,5,,,0
1019,'1346581',1220,,13,5,,,0
1019,'1346583',1520,,14,5,,,0
1019,'1346592',1120,,15,5,,,0
1019,'1346593',1620,,16,5,,,0
1019,'1346601',1720,,17,5,,,0
1019,'1346609',1620,,18,5,,,0
1019,'1346616',1220,,19,5,,,0
1019,'1346618',1320,,20,5,,,0
1019,'1346619',920,,21,5,,,0
1019,'1346622',1620,,22,5,,,0
1019,'1346626',1420,,23,5,,,0
1019,'1346633',820,,24,5,,,0
1019,'1346647',1120,,25,5,,,0
1019,'1346658',1020,,26,5,,,0
1019,'1346668',1020,,27,5,,,0
1019,'1346680',1420,,28,5,,,0
1019,'1346681',920,,29,5,,,0
