1019,'1346483',924,,1,11,,,0
1019,'1346492',1724,,2,11,,,0
1019,'1346493',1224,,3,11,,,0
1019,'1346501',1124,,4,11,,,0
1019,'1346506',1324,,5,11,,,0
1019,'1346513',1724,,6,11,,,0
1019,'1346541',1424,,7,11,,,0
1019,'1346556',1024,,8,11,,,0
1019,'1346558',1524,,9,11,,,0
1019,'1346570',724,,10,11,,,0
1019,'1346574',1324,,11,11,,,0
1019,'1346575',1524,,12,11,,,0
1019,'1346581',1224,,13,11,,,0
1019,'1346583',1524,,14,11,,,0
1019,'1346592',1124,,15,11,,,0
1019,'1346593',1624,,16,11,,,0
1019,'1346601',1724,,17,11,,,0
1019,'1346609',1624,,18,11,,,0
1019,'1346616',1224,,19,11,,,0
1019,'1346618',1324,,20,11,,,0
1019,'1346619',924,,21,11,,,0
1019,'1346622',1624,,22,11,,,0
1019,'1346626',1424,,23,11,,,0
1019,'1346633',824,,24,11,,,0
1019,'1346647',1124,,25,11,,,0
1019,'1346658',1024,,26,11,,,0
1019,'1346668',1024,,27,11,,,0
1019,'1346680',1424,,28,11,,,0
1019,'1346681',924,,29,11,,,0
