2019,'1346481',1327,,30,12,,,0
2019,'1346486',1727,,31,12,,,0
2019,'1346498',1127,,32,12,,,0
2019,'1346500',1127,,33,12,,,0
2019,'1346522',927,,34,12,,,0
2019,'1346525',827,,35,12,,,0
2019,'1346536',727,,36,12,,,0
2019,'1346540',1027,,37,12,,,0
2019,'1346554',1527,,38,12,,,0
2019,'1346572',1327,,39,12,,,0
2019,'1346584',1627,,40,12,,,0
2019,'1346585',927,,41,12,,,0
2019,'1346589',1227,,42,12,,,0
2019,'1346595',1127,,43,12,,,0
2019,'1346607',1527,,44,12,,,0
2019,'1346615',1227,,45,12,,,0
2019,'1346620',1427,,46,12,,,0
2019,'1346623',1427,,47,12,,,0
2019,'1346628',1027,,48,12,,,0
2019,'1346632',1627,,49,12,,,0
2019,'1346651',1327,,50,12,,,0
2019,'1346656',1727,,51,12,,,0
2019,'1346660',1527,,52,12,,,0
2019,'1346662',1027,,53,12,,,0
2019,'1346671',1727,,54,12,,,0
2019,'1346672',1427,,55,12,,,0
2019,'1346674',1627,,56,12,,,0
2019,'1346682',1227,,57,12,,,0
2019,'1346688',927,,58,12,,,0
