1019,'1346483',931,,1,17,,,0
1019,'1346492',1731,,2,17,,,0
1019,'1346493',1231,,3,17,,,0
1019,'1346501',1131,,4,17,,,0
1019,'1346506',1331,,5,17,,,0
1019,'1346513',1731,,6,17,,,0
1019,'1346541',1431,,7,17,,,0
1019,'1346556',1031,,8,17,,,0
1019,'1346558',1531,,9,17,,,0
1019,'1346570',731,,10,17,,,0
1019,'1346574',1331,,11,17,,,0
1019,'1346575',1531,,12,17,,,0
1019,'1346581',1231,,13,17,,,0
1019,'1346583',1531,,14,17,,,0
1019,'1346592',1131,,15,17,,,0
1019,'1346593',1631,,16,17,,,0
1019,'1346601',1731,,17,17,,,0
1019,'1346609',1631,,18,17,,,0
1019,'1346616',1231,,19,17,,,0
1019,'1346618',1331,,20,17,,,0
1019,'1346619',931,,21,17,,,0
1019,'1346622',1631,,22,17,,,0
1019,'1346626',1431,,23,17,,,0
1019,'1346633',831,,24,17,,,0
1019,'1346647',1131,,25,17,,,0
1019,'1346658',1031,,26,17,,,0
1019,'1346668',1031,,27,17,,,0
1019,'1346680',1431,,28,17,,,0
1019,'1346681',931,,29,17,,,0
