5019,'1346482',1212,,143,22,,,0
5019,'1346494',1612,,144,22,,,0
5019,'1346502',1112,,145,22,,,0
5019,'1346528',1412,,146,22,,,0
5019,'1346532',1512,,147,22,,,0
5019,'1346535',1012,,148,22,,,0
5019,'1346542',1112,,149,22,,,0
5019,'1346544',1512,,150,22,,,0
5019,'1346547',812,,151,22,,,0
5019,'1346548',1712,,152,22,,,0
5019,'1346552',1412,,153,22,,,0
5019,'1346560',1712,,154,22,,,0
5019,'1346566',1012,,155,22,,,0
5019,'1346578',1312,,156,22,,,0
5019,'1346579',1112,,157,22,,,0
5019,'1346582',1612,,158,22,,,0
5019,'1346587',1712,,159,22,,,0
5019,'1346594',1312,,160,22,,,0
5019,'1346603',1212,,161,22,,,0
5019,'1346608',1512,,162,22,,,0
5019,'1346613',912,,163,22,,,0
5019,'1346627',1212,,164,22,,,0
5019,'1346630',1612,,165,22,,,0
5019,'1346641',1412,,166,22,,,0
5019,'1346659',1312,,167,22,,,0
5019,'1346686',1012,,168,22,,,0
