5019,'1346482',1155,,143,8,,,0
5019,'1346494',1555,,144,8,,,0
5019,'1346502',1055,,145,8,,,0
5019,'1346528',1355,,146,8,,,0
5019,'1346532',1455,,147,8,,,0
5019,'1346535',955,,148,8,,,0
5019,'1346542',1055,,149,8,,,0
5019,'1346544',1455,,150,8,,,0
5019,'1346547',755,,151,8,,,0
5019,'1346548',1655,,152,8,,,0
5019,'1346552',1355,,153,8,,,0
5019,'1346560',1655,,154,8,,,0
5019,'1346566',955,,155,8,,,0
5019,'1346578',1255,,156,8,,,0
5019,'1346579',1055,,157,8,,,0
5019,'1346582',1555,,158,8,,,0
5019,'1346587',1655,,159,8,,,0
5019,'1346594',1255,,160,8,,,0
5019,'1346603',1155,,161,8,,,0
5019,'1346608',1455,,162,8,,,0
5019,'1346613',855,,163,8,,,0
5019,'1346627',1155,,164,8,,,0
5019,'1346630',1555,,165,8,,,0
5019,'1346641',1355,,166,8,,,0
5019,'1346659',1255,,167,8,,,0
5019,'1346686',955,,168,8,,,0
