1019,'1346483',923,,1,10,,,0
1019,'1346492',1723,,2,10,,,0
1019,'1346493',1223,,3,10,,,0
1019,'1346501',1123,,4,10,,,0
1019,'1346506',1323,,5,10,,,0
1019,'1346513',1723,,6,10,,,0
1019,'1346541',1423,,7,10,,,0
1019,'1346556',1023,,8,10,,,0
1019,'1346558',1523,,9,10,,,0
1019,'1346570',723,,10,10,,,0
1019,'1346574',1323,,11,10,,,0
1019,'1346575',1523,,12,10,,,0
1019,'1346581',1223,,13,10,,,0
1019,'1346583',1523,,14,10,,,0
1019,'1346592',1123,,15,10,,,0
1019,'1346593',1623,,16,10,,,0
1019,'1346601',1723,,17,10,,,0
1019,'1346609',1623,,18,10,,,0
1019,'1346616',1223,,19,10,,,0
1019,'1346618',1323,,20,10,,,0
1019,'1346619',923,,21,10,,,0
1019,'1346622',1623,,22,10,,,0
1019,'1346626',1423,,23,10,,,0
1019,'1346633',823,,24,10,,,0
1019,'1346647',1123,,25,10,,,0
1019,'1346658',1023,,26,10,,,0
1019,'1346668',1023,,27,10,,,0
1019,'1346680',1423,,28,10,,,0
1019,'1346681',923,,29,10,,,0
