2019,'1346481',1321,,30,6,,,0
2019,'1346486',1721,,31,6,,,0
2019,'1346498',1121,,32,6,,,0
2019,'1346500',1121,,33,6,,,0
2019,'1346522',921,,34,6,,,0
2019,'1346525',821,,35,6,,,0
2019,'1346536',721,,36,6,,,0
2019,'1346540',1021,,37,6,,,0
2019,'1346554',1521,,38,6,,,0
2019,'1346572',1321,,39,6,,,0
2019,'1346584',1621,,40,6,,,0
2019,'1346585',921,,41,6,,,0
2019,'1346589',1221,,42,6,,,0
2019,'1346595',1121,,43,6,,,0
2019,'1346607',1521,,44,6,,,0
2019,'1346615',1221,,45,6,,,0
2019,'1346620',1421,,46,6,,,0
2019,'1346623',1421,,47,6,,,0
2019,'1346628',1021,,48,6,,,0
2019,'1346632',1621,,49,6,,,0
2019,'1346651',1321,,50,6,,,0
2019,'1346656',1721,,51,6,,,0
2019,'1346660',1521,,52,6,,,0
2019,'1346662',1021,,53,6,,,0
2019,'1346671',1721,,54,6,,,0
2019,'1346672',1421,,55,6,,,0
2019,'1346674',1621,,56,6,,,0
2019,'1346682',1221,,57,6,,,0
2019,'1346688',921,,58,6,,,0
