3019,'1346485',1614,,59,16,,,0
3019,'1346488',1353,,60,29,,,0
3019,'1346490',1513,,61,29,,,0
3019,'1346495',1153,,62,29,,,0
3019,'1346496',1334,,63,16,,,0
3019,'1346504',953,,64,29,,,0
3019,'1346505',1113,,65,29,,,0
3019,'1346508',1454,,67,16,,,0
3019,'1346510',1713,,68,29,,,0
3019,'1346511',734,,69,6,,,0
3019,'1346512',1214,,70,16,,,0
3019,'1346514',753,,71,29,,,0
3019,'1346518',1233,,72,29,,,0
3019,'1346524',953,,73,29,,,0
3019,'1346530',1353,,74,29,,,0
3019,'1346537',1734,,75,16,,,0
3019,'1346539',1153,,76,29,,,0
3019,'1346543',1254,,77,16,,,0
3019,'1346546',1153,,78,29,,,0
3019,'1346551',1513,,79,29,,,0
3019,'1346553',1233,,80,29,,,0
3019,'1346557',1433,,81,29,,,0
3019,'1346559',953,,82,29,,,0
3019,'1346562',814,,83,16,,,0
3019,'1346563',1313,,84,29,,,0
3019,'1346564',1553,,85,29,,,0
3019,'1346565',913,,86,29,,,0
3019,'1346576',1633,,88,29,,,0
3019,'1346577',1033,,89,29,,,0
3019,'1346586',1233,,90,29,,,0
3019,'1346588',1313,,91,29,,,0
3019,'1346599',833,,92,29,,,0
3019,'1346602',1654,,93,16,,,0
3019,'1346606',854,,94,16,,,0
3019,'1346614',1553,,95,29,,,0
3019,'1346625',1713,,96,29,,,0
3019,'1346634',1414,,97,16,,,0
3019,'1346635',1433,,98,29,,,0
3019,'1346637',1313,,99,29,,,0
3019,'1346639',1033,,100,29,,,0
3019,'1346643',1433,,101,29,,,0
3019,'1346645',1054,,102,16,,,0
3019,'1346646',1534,,103,16,,,0
3019,'1346648',1033,,104,29,,,0
3019,'1346650',1553,,105,29,,,0
3019,'1346652',1113,,106,29,,,0
3019,'1346657',1353,,107,29,,,0
3019,'1346661',1633,,108,29,,,0
3019,'1346670',1014,,109,16,,,0
3019,'1346675',934,,110,16,,,0
3019,'1346683',1113,,112,29,,,0
3019,'1346684',1713,,113,29,,,0
3019,'1346687',1134,,114,16,,,0
3019,'1346692',1633,,115,29,,,0
3019,'1346694',1513,,116,29,,,0
