3019,'1346485',1608,,59,11,,,0
3019,'1346488',1348,,60,24,,,0
3019,'1346490',1508,,61,24,,,0
3019,'1346495',1148,,62,24,,,0
3019,'1346496',1328,,63,11,,,0
3019,'1346504',948,,64,24,,,0
3019,'1346505',1108,,65,24,,,0
3019,'1346508',1448,,67,11,,,0
3019,'1346510',1708,,68,24,,,0
3019,'1346511',715,,69,1,,,0
3019,'1346512',1208,,70,11,,,0
3019,'1346514',748,,71,24,,,0
3019,'1346518',1228,,72,24,,,0
3019,'1346524',948,,73,24,,,0
3019,'1346530',1348,,74,24,,,0
3019,'1346537',1728,,75,11,,,0
3019,'1346539',1148,,76,24,,,0
3019,'1346543',1248,,77,11,,,0
3019,'1346546',1148,,78,24,,,0
3019,'1346551',1508,,79,24,,,0
3019,'1346553',1228,,80,24,,,0
3019,'1346557',1428,,81,24,,,0
3019,'1346559',948,,82,24,,,0
3019,'1346562',808,,83,11,,,0
3019,'1346563',1308,,84,24,,,0
3019,'1346564',1548,,85,24,,,0
3019,'1346565',908,,86,24,,,0
3019,'1346576',1628,,88,24,,,0
3019,'1346577',1028,,89,24,,,0
3019,'1346586',1228,,90,24,,,0
3019,'1346588',1308,,91,24,,,0
3019,'1346599',828,,92,24,,,0
3019,'1346602',1648,,93,11,,,0
3019,'1346606',848,,94,11,,,0
3019,'1346614',1548,,95,24,,,0
3019,'1346625',1708,,96,24,,,0
3019,'1346634',1408,,97,11,,,0
3019,'1346635',1428,,98,24,,,0
3019,'1346637',1308,,99,24,,,0
3019,'1346639',1028,,100,24,,,0
3019,'1346643',1428,,101,24,,,0
3019,'1346645',1048,,102,11,,,0
3019,'1346646',1528,,103,11,,,0
3019,'1346648',1028,,104,24,,,0
3019,'1346650',1548,,105,24,,,0
3019,'1346652',1108,,106,24,,,0
3019,'1346657',1348,,107,24,,,0
3019,'1346661',1628,,108,24,,,0
3019,'1346670',1008,,109,11,,,0
3019,'1346675',928,,110,11,,,0
3019,'1346683',1108,,112,24,,,0
3019,'1346684',1708,,113,24,,,0
3019,'1346687',1128,,114,11,,,0
3019,'1346692',1628,,115,24,,,0
3019,'1346694',1508,,116,24,,,0
