1019,'1346483',930,,1,15,,,0
1019,'1346492',1730,,2,15,,,0
1019,'1346493',1230,,3,15,,,0
1019,'1346501',1130,,4,15,,,0
1019,'1346506',1330,,5,15,,,0
1019,'1346513',1730,,6,15,,,0
1019,'1346541',1430,,7,15,,,0
1019,'1346556',1030,,8,15,,,0
1019,'1346558',1530,,9,15,,,0
1019,'1346570',730,,10,15,,,0
1019,'1346574',1330,,11,15,,,0
1019,'1346575',1530,,12,15,,,0
1019,'1346581',1230,,13,15,,,0
1019,'1346583',1530,,14,15,,,0
1019,'1346592',1130,,15,15,,,0
1019,'1346593',1630,,16,15,,,0
1019,'1346601',1730,,17,15,,,0
1019,'1346609',1630,,18,15,,,0
1019,'1346616',1230,,19,15,,,0
1019,'1346618',1330,,20,15,,,0
1019,'1346619',930,,21,15,,,0
1019,'1346622',1630,,22,15,,,0
1019,'1346626',1430,,23,15,,,0
1019,'1346633',830,,24,15,,,0
1019,'1346647',1130,,25,15,,,0
1019,'1346658',1030,,26,15,,,0
1019,'1346668',1030,,27,15,,,0
1019,'1346680',1430,,28,15,,,0
1019,'1346681',930,,29,15,,,0
