1019,'1346483',936,,1,25,,,0
1019,'1346492',1736,,2,25,,,0
1019,'1346493',1236,,3,25,,,0
1019,'1346501',1136,,4,25,,,0
1019,'1346506',1336,,5,25,,,0
1019,'1346513',1736,,6,25,,,0
1019,'1346541',1436,,7,25,,,0
1019,'1346556',1036,,8,25,,,0
1019,'1346558',1536,,9,25,,,0
1019,'1346570',736,,10,25,,,0
1019,'1346574',1336,,11,25,,,0
1019,'1346575',1536,,12,25,,,0
1019,'1346581',1236,,13,25,,,0
1019,'1346583',1536,,14,25,,,0
1019,'1346592',1136,,15,25,,,0
1019,'1346593',1636,,16,25,,,0
1019,'1346601',1736,,17,25,,,0
1019,'1346609',1636,,18,25,,,0
1019,'1346616',1236,,19,25,,,0
1019,'1346618',1336,,20,25,,,0
1019,'1346619',936,,21,25,,,0
1019,'1346622',1636,,22,25,,,0
1019,'1346626',1436,,23,25,,,0
1019,'1346633',836,,24,25,,,0
1019,'1346647',1136,,25,25,,,0
1019,'1346658',1036,,26,25,,,0
1019,'1346668',1036,,27,25,,,0
1019,'1346680',1436,,28,25,,,0
1019,'1346681',936,,29,25,,,0
