2019,'1346481',1334,,30,17,,,0
2019,'1346486',1734,,31,17,,,0
2019,'1346498',1134,,32,17,,,0
2019,'1346500',1134,,33,17,,,0
2019,'1346522',934,,34,17,,,0
2019,'1346525',834,,35,17,,,0
2019,'1346536',734,,36,17,,,0
2019,'1346540',1034,,37,17,,,0
2019,'1346554',1534,,38,17,,,0
2019,'1346572',1334,,39,17,,,0
2019,'1346584',1634,,40,17,,,0
2019,'1346585',934,,41,17,,,0
2019,'1346589',1234,,42,17,,,0
2019,'1346595',1134,,43,17,,,0
2019,'1346607',1534,,44,17,,,0
2019,'1346615',1234,,45,17,,,0
2019,'1346620',1434,,46,17,,,0
2019,'1346623',1434,,47,17,,,0
2019,'1346628',1034,,48,17,,,0
2019,'1346632',1634,,49,17,,,0
2019,'1346651',1334,,50,17,,,0
2019,'1346656',1734,,51,17,,,0
2019,'1346660',1534,,52,17,,,0
2019,'1346662',1034,,53,17,,,0
2019,'1346671',1734,,54,17,,,0
2019,'1346672',1434,,55,17,,,0
2019,'1346674',1634,,56,17,,,0
2019,'1346682',1234,,57,17,,,0
2019,'1346688',934,,58,17,,,0
