5019,'1346482',1154,,143,7,,,0
5019,'1346494',1554,,144,7,,,0
5019,'1346502',1054,,145,7,,,0
5019,'1346528',1354,,146,7,,,0
5019,'1346532',1454,,147,7,,,0
5019,'1346535',954,,148,7,,,0
5019,'1346542',1054,,149,7,,,0
5019,'1346544',1454,,150,7,,,0
5019,'1346547',754,,151,7,,,0
5019,'1346548',1654,,152,7,,,0
5019,'1346552',1354,,153,7,,,0
5019,'1346560',1654,,154,7,,,0
5019,'1346566',954,,155,7,,,0
5019,'1346578',1254,,156,7,,,0
5019,'1346579',1054,,157,7,,,0
5019,'1346582',1554,,158,7,,,0
5019,'1346587',1654,,159,7,,,0
5019,'1346594',1254,,160,7,,,0
5019,'1346603',1154,,161,7,,,0
5019,'1346608',1454,,162,7,,,0
5019,'1346613',854,,163,7,,,0
5019,'1346627',1154,,164,7,,,0
5019,'1346630',1554,,165,7,,,0
5019,'1346641',1354,,166,7,,,0
5019,'1346659',1254,,167,7,,,0
5019,'1346686',954,,168,7,,,0
