1019,'1346483',921,,1,6,,,0
1019,'1346492',1721,,2,6,,,0
1019,'1346493',1221,,3,6,,,0
1019,'1346501',1121,,4,6,,,0
1019,'1346506',1321,,5,6,,,0
1019,'1346513',1721,,6,6,,,0
1019,'1346541',1421,,7,6,,,0
1019,'1346556',1021,,8,6,,,0
1019,'1346558',1521,,9,6,,,0
1019,'1346570',721,,10,6,,,0
1019,'1346574',1321,,11,6,,,0
1019,'1346575',1521,,12,6,,,0
1019,'1346581',1221,,13,6,,,0
1019,'1346583',1521,,14,6,,,0
1019,'1346592',1121,,15,6,,,0
1019,'1346593',1621,,16,6,,,0
1019,'1346601',1721,,17,6,,,0
1019,'1346609',1621,,18,6,,,0
1019,'1346616',1221,,19,6,,,0
1019,'1346618',1321,,20,6,,,0
1019,'1346619',921,,21,6,,,0
1019,'1346622',1621,,22,6,,,0
1019,'1346626',1421,,23,6,,,0
1019,'1346633',821,,24,6,,,0
1019,'1346647',1121,,25,6,,,0
1019,'1346658',1021,,26,6,,,0
1019,'1346668',1021,,27,6,,,0
1019,'1346680',1421,,28,6,,,0
1019,'1346681',921,,29,6,,,0
