3019,'1346485',1603,,59,6,0,5 6,0
3019,'1346488',1343,,60,19,0,5 6,0
3019,'1346490',1503,,61,19,0,5 6,0
3019,'1346495',1143,,62,19,0,5 6,0
3019,'1346496',1323,,63,6,0,5 6,0
3019,'1346504',943,,64,19,0,5 6,0
3019,'1346505',1103,,65,19,0,5 6,0
3019,'1346508',1443,,67,6,0,5 6,0
3019,'1346510',1703,,68,19,0,5 6,0
3019,'1346512',1203,,70,6,0,5 6,0
3019,'1346514',743,,71,19,0,5 6,0
3019,'1346518',1223,,72,19,0,5 6,0
3019,'1346524',943,,73,19,0,5 6,0
3019,'1346530',1343,,74,19,0,5 6,0
3019,'1346537',1723,,75,6,0,5 6,0
3019,'1346539',1143,,76,19,0,5 6,0
3019,'1346543',1243,,77,6,0,5 6,0
3019,'1346546',1143,,78,19,0,5 6,0
3019,'1346551',1503,,79,19,0,5 6,0
3019,'1346553',1223,,80,19,0,5 6,0
3019,'1346557',1423,,81,19,0,5 6,0
3019,'1346559',943,,82,19,0,5 6,0
3019,'1346562',803,,83,6,0,5 6,0
3019,'1346563',1303,,84,19,0,5 6,0
3019,'1346564',1543,,85,19,0,5 6,0
3019,'1346565',903,,86,19,0,5 6,0
3019,'1346576',1623,,88,19,0,5 6,0
3019,'1346577',1023,,89,19,0,5 6,0
3019,'1346586',1223,,90,19,0,5 6,0
3019,'1346588',1303,,91,19,0,5 6,0
3019,'1346599',823,,92,19,0,5 6,0
3019,'1346602',1643,,93,6,0,5 6,0
3019,'1346606',843,,94,6,0,5 6,0
3019,'1346614',1543,,95,19,0,5 6,0
3019,'1346625',1703,,96,19,0,5 6,0
3019,'1346634',1403,,97,6,0,5 6,0
3019,'1346635',1423,,98,19,0,5 6,0
3019,'1346637',1303,,99,19,0,5 6,0
3019,'1346639',1023,,100,19,0,5 6,0
3019,'1346643',1423,,101,19,0,5 6,0
3019,'1346645',1043,,102,6,0,5 6,0
3019,'1346646',1523,,103,6,0,5 6,0
3019,'1346648',1023,,104,19,0,5 6,0
3019,'1346650',1543,,105,19,0,5 6,0
3019,'1346652',1103,,106,19,0,5 6,0
3019,'1346657',1343,,107,19,0,5 6,0
3019,'1346661',1623,,108,19,0,5 6,0
3019,'1346670',1003,,109,6,0,5 6,0
3019,'1346675',923,,110,6,0,5 6,0
3019,'1346683',1103,,112,19,0,5 6,0
3019,'1346684',1703,,113,19,0,5 6,0
3019,'1346687',1123,,114,6,0,5 6,0
3019,'1346692',1623,,115,19,0,5 6,0
3019,'1346694',1503,,116,19,0,5 6,0
