2019,'1346481',1339,,30,23,,,0
2019,'1346486',1739,,31,23,,,0
2019,'1346498',1139,,32,23,,,0
2019,'1346500',1139,,33,23,,,0
2019,'1346522',939,,34,23,,,0
2019,'1346525',839,,35,23,,,0
2019,'1346536',739,,36,23,,,0
2019,'1346540',1039,,37,23,,,0
2019,'1346554',1539,,38,23,,,0
2019,'1346572',1339,,39,23,,,0
2019,'1346584',1639,,40,23,,,0
2019,'1346585',939,,41,23,,,0
2019,'1346589',1239,,42,23,,,0
2019,'1346595',1139,,43,23,,,0
2019,'1346607',1539,,44,23,,,0
2019,'1346615',1239,,45,23,,,0
2019,'1346620',1439,,46,23,,,0
2019,'1346623',1439,,47,23,,,0
2019,'1346628',1039,,48,23,,,0
2019,'1346632',1639,,49,23,,,0
2019,'1346651',1339,,50,23,,,0
2019,'1346656',1739,,51,23,,,0
2019,'1346660',1539,,52,23,,,0
2019,'1346662',1039,,53,23,,,0
2019,'1346671',1739,,54,23,,,0
2019,'1346672',1439,,55,23,,,0
2019,'1346674',1639,,56,23,,,0
2019,'1346682',1239,,57,23,,,0
2019,'1346688',939,,58,23,,,0
