3019,'1346485',1623,,59,20,,,0
3019,'1346488',1320,,60,3,,,0
3019,'1346490',1440,,61,3,,,0
3019,'1346495',1120,,62,3,,,0
3019,'1346496',1343,,63,20,,,0
3019,'1346504',920,,64,3,,,0
3019,'1346505',1040,,65,3,,,0
3019,'1346507',1720,,66,3,,,0
3019,'1346508',1503,,67,20,,,0
3019,'1346510',1640,,68,3,,,0
3019,'1346511',743,,69,10,,,0
3019,'1346512',1223,,70,20,,,0
3019,'1346514',720,,71,3,,,0
3019,'1346518',1200,,72,3,,,0
3019,'1346524',920,,73,3,,,0
3019,'1346530',1320,,74,3,,,0
3019,'1346537',1743,,75,20,,,0
3019,'1346539',1120,,76,3,,,0
3019,'1346543',1303,,77,20,,,0
3019,'1346546',1120,,78,3,,,0
3019,'1346551',1440,,79,3,,,0
3019,'1346553',1200,,80,3,,,0
3019,'1346557',1400,,81,3,,,0
3019,'1346559',920,,82,3,,,0
3019,'1346562',823,,83,20,,,0
3019,'1346563',1240,,84,3,,,0
3019,'1346564',1520,,85,3,,,0
3019,'1346565',840,,86,3,,,0
3019,'1346567',1720,,87,3,,,0
3019,'1346576',1600,,88,3,,,0
3019,'1346577',1000,,89,3,,,0
3019,'1346586',1200,,90,3,,,0
3019,'1346588',1240,,91,3,,,0
3019,'1346599',800,,92,3,,,0
3019,'1346602',1703,,93,20,,,0
3019,'1346606',903,,94,20,,,0
3019,'1346614',1520,,95,3,,,0
3019,'1346625',1640,,96,3,,,0
3019,'1346634',1423,,97,20,,,0
3019,'1346635',1400,,98,3,,,0
3019,'1346637',1240,,99,3,,,0
3019,'1346639',1000,,100,3,,,0
3019,'1346643',1400,,101,3,,,0
3019,'1346645',1103,,102,20,,,0
3019,'1346646',1543,,103,20,,,0
3019,'1346648',1000,,104,3,,,0
3019,'1346650',1520,,105,3,,,0
3019,'1346652',1040,,106,3,,,0
3019,'1346657',1320,,107,3,,,0
3019,'1346661',1600,,108,3,,,0
3019,'1346670',1023,,109,20,,,0
3019,'1346675',943,,110,20,,,0
3019,'1346679',1720,,111,3,,,0
3019,'1346683',1040,,112,3,,,0
3019,'1346684',1640,,113,3,,,0
3019,'1346687',1143,,114,20,,,0
3019,'1346692',1600,,115,3,,,0
3019,'1346694',1440,,116,3,,,0
5019,'1346482',1149,,143,3,,,0
5019,'1346494',1549,,144,3,,,0
5019,'1346502',1049,,145,3,,,0
5019,'1346528',1349,,146,3,,,0
5019,'1346532',1449,,147,3,,,0
5019,'1346535',949,,148,3,,,0
5019,'1346542',1049,,149,3,,,0
5019,'1346544',1449,,150,3,,,0
5019,'1346547',749,,151,3,,,0
5019,'1346548',1649,,152,3,,,0
5019,'1346552',1349,,153,3,,,0
5019,'1346560',1649,,154,3,,,0
5019,'1346566',949,,155,3,,,0
5019,'1346578',1249,,156,3,,,0
5019,'1346579',1049,,157,3,,,0
5019,'1346582',1549,,158,3,,,0
5019,'1346587',1649,,159,3,,,0
5019,'1346594',1249,,160,3,,,0
5019,'1346603',1149,,161,3,,,0
5019,'1346608',1449,,162,3,,,0
5019,'1346613',849,,163,3,,,0
5019,'1346627',1149,,164,3,,,0
5019,'1346630',1549,,165,3,,,0
5019,'1346641',1349,,166,3,,,0
5019,'1346659',1249,,167,3,,,0
5019,'1346686',949,,168,3,,,0
