5019,'1346482',1152,,143,5,,,0
5019,'1346494',1552,,144,5,,,0
5019,'1346502',1052,,145,5,,,0
5019,'1346528',1352,,146,5,,,0
5019,'1346532',1452,,147,5,,,0
5019,'1346535',952,,148,5,,,0
5019,'1346542',1052,,149,5,,,0
5019,'1346544',1452,,150,5,,,0
5019,'1346547',752,,151,5,,,0
5019,'1346548',1652,,152,5,,,0
5019,'1346552',1352,,153,5,,,0
5019,'1346560',1652,,154,5,,,0
5019,'1346566',952,,155,5,,,0
5019,'1346578',1252,,156,5,,,0
5019,'1346579',1052,,157,5,,,0
5019,'1346582',1552,,158,5,,,0
5019,'1346587',1652,,159,5,,,0
5019,'1346594',1252,,160,5,,,0
5019,'1346603',1152,,161,5,,,0
5019,'1346608',1452,,162,5,,,0
5019,'1346613',852,,163,5,,,0
5019,'1346627',1152,,164,5,,,0
5019,'1346630',1552,,165,5,,,0
5019,'1346641',1352,,166,5,,,0
5019,'1346659',1252,,167,5,,,0
5019,'1346686',952,,168,5,,,0
