1019,'1346483',942,,1,28,,,0
1019,'1346492',1742,,2,28,,,0
1019,'1346493',1242,,3,28,,,0
1019,'1346501',1142,,4,28,,,0
1019,'1346506',1342,,5,28,,,0
1019,'1346513',1742,,6,28,,,0
1019,'1346541',1442,,7,28,,,0
1019,'1346556',1042,,8,28,,,0
1019,'1346558',1542,,9,28,,,0
1019,'1346570',741,,10,28,,,0
1019,'1346574',1342,,11,28,,,0
1019,'1346575',1542,,12,28,,,0
1019,'1346581',1242,,13,28,,,0
1019,'1346583',1542,,14,28,,,0
1019,'1346592',1142,,15,28,,,0
1019,'1346593',1642,,16,28,,,0
1019,'1346601',1742,,17,28,,,0
1019,'1346609',1642,,18,28,,,0
1019,'1346616',1242,,19,28,,,0
1019,'1346618',1342,,20,28,,,0
1019,'1346619',942,,21,28,,,0
1019,'1346622',1642,,22,28,,,0
1019,'1346626',1442,,23,28,,,0
1019,'1346633',842,,24,28,,,0
1019,'1346647',1142,,25,28,,,0
1019,'1346658',1042,,26,28,,,0
1019,'1346668',1042,,27,28,,,0
1019,'1346680',1442,,28,28,,,0
1019,'1346681',942,,29,28,,,0
2019,'1346481',1341,,30,25,,,0
2019,'1346486',1741,,31,25,,,0
2019,'1346498',1141,,32,25,,,0
2019,'1346500',1141,,33,25,,,0
2019,'1346522',941,,34,25,,,0
2019,'1346525',841,,35,25,,,0
2019,'1346536',741,,36,25,,,0
2019,'1346540',1041,,37,25,,,0
2019,'1346554',1541,,38,25,,,0
2019,'1346572',1341,,39,25,,,0
2019,'1346584',1641,,40,25,,,0
2019,'1346585',941,,41,25,,,0
2019,'1346589',1241,,42,25,,,0
2019,'1346595',1141,,43,25,,,0
2019,'1346607',1541,,44,25,,,0
2019,'1346615',1241,,45,25,,,0
2019,'1346620',1441,,46,25,,,0
2019,'1346623',1441,,47,25,,,0
2019,'1346628',1041,,48,25,,,0
2019,'1346632',1641,,49,25,,,0
2019,'1346651',1341,,50,25,,,0
2019,'1346656',1741,,51,25,,,0
2019,'1346660',1541,,52,25,,,0
2019,'1346662',1041,,53,25,,,0
2019,'1346671',1741,,54,25,,,0
2019,'1346672',1441,,55,25,,,0
2019,'1346674',1641,,56,25,,,0
2019,'1346682',1241,,57,25,,,0
2019,'1346688',941,,58,25,,,0
3019,'1346485',1616,,59,17,,,0
3019,'1346488',1354,,60,30,,,0
3019,'1346490',1514,,61,30,,,0
3019,'1346495',1154,,62,30,,,0
3019,'1346496',1336,,63,17,,,0
3019,'1346504',954,,64,30,,,0
3019,'1346505',1114,,65,30,,,0
3019,'1346508',1456,,67,17,,,0
3019,'1346510',1714,,68,30,,,0
3019,'1346511',736,,69,7,,,0
3019,'1346512',1216,,70,17,,,0
3019,'1346514',754,,71,30,,,0
3019,'1346518',1234,,72,30,,,0
3019,'1346524',954,,73,30,,,0
3019,'1346530',1354,,74,30,,,0
3019,'1346537',1736,,75,17,,,0
3019,'1346539',1154,,76,30,,,0
3019,'1346543',1256,,77,17,,,0
3019,'1346546',1154,,78,30,,,0
3019,'1346551',1514,,79,30,,,0
3019,'1346553',1234,,80,30,,,0
3019,'1346557',1434,,81,30,,,0
3019,'1346559',954,,82,30,,,0
3019,'1346562',816,,83,17,,,0
3019,'1346563',1314,,84,30,,,0
3019,'1346564',1554,,85,30,,,0
3019,'1346565',914,,86,30,,,0
3019,'1346576',1634,,88,30,,,0
3019,'1346577',1034,,89,30,,,0
3019,'1346586',1234,,90,30,,,0
3019,'1346588',1314,,91,30,,,0
3019,'1346599',834,,92,30,,,0
3019,'1346602',1656,,93,17,,,0
3019,'1346606',856,,94,17,,,0
3019,'1346614',1554,,95,30,,,0
3019,'1346625',1714,,96,30,,,0
3019,'1346634',1416,,97,17,,,0
3019,'1346635',1434,,98,30,,,0
3019,'1346637',1314,,99,30,,,0
3019,'1346639',1034,,100,30,,,0
3019,'1346643',1434,,101,30,,,0
3019,'1346645',1056,,102,17,,,0
3019,'1346646',1536,,103,17,,,0
3019,'1346648',1034,,104,30,,,0
3019,'1346650',1554,,105,30,,,0
3019,'1346652',1114,,106,30,,,0
3019,'1346657',1354,,107,30,,,0
3019,'1346661',1634,,108,30,,,0
3019,'1346670',1016,,109,17,,,0
3019,'1346675',936,,110,17,,,0
3019,'1346683',1114,,112,30,,,0
3019,'1346684',1714,,113,30,,,0
3019,'1346687',1136,,114,17,,,0
3019,'1346692',1634,,115,30,,,0
3019,'1346694',1514,,116,30,,,0
4019,'1346487',1411,,117,27,,,0
4019,'1346489',1311,,118,27,,,0
4019,'1346503',1611,,119,27,,,0
4019,'1346517',1611,,120,27,,,0
4019,'1346520',1311,,121,27,,,0
4019,'1346521',1211,,122,27,,,0
4019,'1346523',1711,,123,27,,,0
4019,'1346526',1011,,124,27,,,0
4019,'1346527',1711,,125,27,,,0
4019,'1346533',1411,,126,27,,,0
4019,'1346538',1111,,127,27,,,0
4019,'1346545',811,,128,27,,,0
4019,'1346549',1611,,129,27,,,0
4019,'1346550',1211,,130,27,,,0
4019,'1346568',1311,,131,27,,,0
4019,'1346597',1511,,132,27,,,0
4019,'1346600',1111,,133,27,,,0
4019,'1346604',911,,134,27,,,0
4019,'1346605',1511,,135,27,,,0
4019,'1346624',1011,,136,27,,,0
4019,'1346644',1011,,137,27,,,0
4019,'1346655',1511,,138,27,,,0
4019,'1346673',1211,,139,27,,,0
4019,'1346676',1111,,140,27,,,0
4019,'1346685',1411,,141,27,,,0
4019,'1346691',1711,,142,27,,,0
