3019,'1346485',1634,,59,28,0,5 6,0
3019,'1346488',1332,,60,11,0,5 6,0
3019,'1346490',1452,,61,11,0,5 6,0
3019,'1346495',1132,,62,11,0,5 6,0
3019,'1346496',1354,,63,28,0,5 6,0
3019,'1346504',932,,64,11,0,5 6,0
3019,'1346505',1052,,65,11,0,5 6,0
3019,'1346507',1732,,66,11,0,5 6,0
3019,'1346508',1514,,67,28,0,5 6,0
3019,'1346510',1652,,68,11,0,5 6,0
3019,'1346511',754,,69,18,0,5 6,0
3019,'1346512',1234,,70,28,0,5 6,0
3019,'1346514',732,,71,11,0,5 6,0
3019,'1346518',1212,,72,11,0,5 6,0
3019,'1346524',932,,73,11,0,5 6,0
3019,'1346530',1332,,74,11,0,5 6,0
3019,'1346539',1132,,76,11,0,5 6,0
3019,'1346543',1314,,77,28,0,5 6,0
3019,'1346546',1132,,78,11,0,5 6,0
3019,'1346551',1452,,79,11,0,5 6,0
3019,'1346553',1212,,80,11,0,5 6,0
3019,'1346557',1412,,81,11,0,5 6,0
3019,'1346559',932,,82,11,0,5 6,0
3019,'1346562',834,,83,28,0,5 6,0
3019,'1346563',1252,,84,11,0,5 6,0
3019,'1346564',1532,,85,11,0,5 6,0
3019,'1346565',852,,86,11,0,5 6,0
3019,'1346567',1732,,87,11,0,5 6,0
3019,'1346576',1612,,88,11,0,5 6,0
3019,'1346577',1012,,89,11,0,5 6,0
3019,'1346586',1212,,90,11,0,5 6,0
3019,'1346588',1252,,91,11,0,5 6,0
3019,'1346599',812,,92,11,0,5 6,0
3019,'1346602',1714,,93,28,0,5 6,0
3019,'1346606',914,,94,28,0,5 6,0
3019,'1346614',1532,,95,11,0,5 6,0
3019,'1346625',1652,,96,11,0,5 6,0
3019,'1346634',1434,,97,28,0,5 6,0
3019,'1346635',1412,,98,11,0,5 6,0
3019,'1346637',1252,,99,11,0,5 6,0
3019,'1346639',1012,,100,11,0,5 6,0
3019,'1346643',1412,,101,11,0,5 6,0
3019,'1346645',1114,,102,28,0,5 6,0
3019,'1346646',1554,,103,28,0,5 6,0
3019,'1346648',1012,,104,11,0,5 6,0
3019,'1346650',1532,,105,11,0,5 6,0
3019,'1346652',1052,,106,11,0,5 6,0
3019,'1346657',1332,,107,11,0,5 6,0
3019,'1346661',1612,,108,11,0,5 6,0
3019,'1346670',1034,,109,28,0,5 6,0
3019,'1346675',954,,110,28,0,5 6,0
3019,'1346679',1732,,111,11,0,5 6,0
3019,'1346683',1052,,112,11,0,5 6,0
3019,'1346684',1652,,113,11,0,5 6,0
3019,'1346687',1154,,114,28,0,5 6,0
3019,'1346692',1612,,115,11,0,5 6,0
3019,'1346694',1452,,116,11,0,5 6,0
5019,'1346482',1214,,143,25,,,0
5019,'1346494',1614,,144,25,,,0
5019,'1346502',1114,,145,25,,,0
5019,'1346528',1414,,146,25,,,0
5019,'1346532',1514,,147,25,,,0
5019,'1346535',1014,,148,25,,,0
5019,'1346542',1114,,149,25,,,0
5019,'1346544',1514,,150,25,,,0
5019,'1346547',814,,151,25,,,0
5019,'1346548',1714,,152,25,,,0
5019,'1346552',1414,,153,25,,,0
5019,'1346560',1714,,154,25,,,0
5019,'1346566',1014,,155,25,,,0
5019,'1346578',1314,,156,25,,,0
5019,'1346579',1114,,157,25,,,0
5019,'1346582',1614,,158,25,,,0
5019,'1346587',1714,,159,25,,,0
5019,'1346594',1314,,160,25,,,0
5019,'1346603',1214,,161,25,,,0
5019,'1346608',1514,,162,25,,,0
5019,'1346613',914,,163,25,,,0
5019,'1346627',1214,,164,25,,,0
5019,'1346630',1614,,165,25,,,0
5019,'1346641',1414,,166,25,,,0
5019,'1346659',1314,,167,25,,,0
5019,'1346686',1014,,168,25,,,0
