2019,'1346481',1316,,30,2,,,0
2019,'1346486',1716,,31,2,,,0
2019,'1346498',1116,,32,2,,,0
2019,'1346500',1116,,33,2,,,0
2019,'1346522',916,,34,2,,,0
2019,'1346525',816,,35,2,,,0
2019,'1346536',716,,36,2,,,0
2019,'1346540',1016,,37,2,,,0
2019,'1346554',1516,,38,2,,,0
2019,'1346572',1316,,39,2,,,0
2019,'1346584',1616,,40,2,,,0
2019,'1346585',916,,41,2,,,0
2019,'1346589',1216,,42,2,,,0
2019,'1346595',1116,,43,2,,,0
2019,'1346607',1516,,44,2,,,0
2019,'1346615',1216,,45,2,,,0
2019,'1346620',1416,,46,2,,,0
2019,'1346623',1416,,47,2,,,0
2019,'1346628',1016,,48,2,,,0
2019,'1346632',1616,,49,2,,,0
2019,'1346651',1316,,50,2,,,0
2019,'1346656',1716,,51,2,,,0
2019,'1346660',1516,,52,2,,,0
2019,'1346662',1016,,53,2,,,0
2019,'1346671',1716,,54,2,,,0
2019,'1346672',1416,,55,2,,,0
2019,'1346674',1616,,56,2,,,0
2019,'1346682',1216,,57,2,,,0
2019,'1346688',916,,58,2,,,0
