3019,'1346485',1606,,59,9,0,5 6,0
3019,'1346488',1346,,60,22,0,5 6,0
3019,'1346490',1506,,61,22,0,5 6,0
3019,'1346495',1146,,62,22,0,5 6,0
3019,'1346496',1326,,63,9,0,5 6,0
3019,'1346504',946,,64,22,0,5 6,0
3019,'1346505',1106,,65,22,0,5 6,0
3019,'1346508',1446,,67,9,0,5 6,0
3019,'1346510',1706,,68,22,0,5 6,0
3019,'1346512',1206,,70,9,0,5 6,0
3019,'1346514',746,,71,22,0,5 6,0
3019,'1346518',1226,,72,22,0,5 6,0
3019,'1346524',946,,73,22,0,5 6,0
3019,'1346530',1346,,74,22,0,5 6,0
3019,'1346537',1726,,75,9,0,5 6,0
3019,'1346539',1146,,76,22,0,5 6,0
3019,'1346543',1246,,77,9,0,5 6,0
3019,'1346546',1146,,78,22,0,5 6,0
3019,'1346551',1506,,79,22,0,5 6,0
3019,'1346553',1226,,80,22,0,5 6,0
3019,'1346557',1426,,81,22,0,5 6,0
3019,'1346559',946,,82,22,0,5 6,0
3019,'1346562',806,,83,9,0,5 6,0
3019,'1346563',1306,,84,22,0,5 6,0
3019,'1346564',1546,,85,22,0,5 6,0
3019,'1346565',906,,86,22,0,5 6,0
3019,'1346576',1626,,88,22,0,5 6,0
3019,'1346577',1026,,89,22,0,5 6,0
3019,'1346586',1226,,90,22,0,5 6,0
3019,'1346588',1306,,91,22,0,5 6,0
3019,'1346599',826,,92,22,0,5 6,0
3019,'1346602',1646,,93,9,0,5 6,0
3019,'1346606',846,,94,9,0,5 6,0
3019,'1346614',1546,,95,22,0,5 6,0
3019,'1346625',1706,,96,22,0,5 6,0
3019,'1346634',1406,,97,9,0,5 6,0
3019,'1346635',1426,,98,22,0,5 6,0
3019,'1346637',1306,,99,22,0,5 6,0
3019,'1346639',1026,,100,22,0,5 6,0
3019,'1346643',1426,,101,22,0,5 6,0
3019,'1346645',1046,,102,9,0,5 6,0
3019,'1346646',1526,,103,9,0,5 6,0
3019,'1346648',1026,,104,22,0,5 6,0
3019,'1346650',1546,,105,22,0,5 6,0
3019,'1346652',1106,,106,22,0,5 6,0
3019,'1346657',1346,,107,22,0,5 6,0
3019,'1346661',1626,,108,22,0,5 6,0
3019,'1346670',1006,,109,9,0,5 6,0
3019,'1346675',926,,110,9,0,5 6,0
3019,'1346683',1106,,112,22,0,5 6,0
3019,'1346684',1706,,113,22,0,5 6,0
3019,'1346687',1126,,114,9,0,5 6,0
3019,'1346692',1626,,115,22,0,5 6,0
3019,'1346694',1506,,116,22,0,5 6,0
