4019,'1346487',1348,,117,4,,,0
4019,'1346489',1248,,118,4,,,0
4019,'1346503',1548,,119,4,,,0
4019,'1346517',1548,,120,4,,,0
4019,'1346520',1248,,121,4,,,0
4019,'1346521',1148,,122,4,,,0
4019,'1346523',1648,,123,4,,,0
4019,'1346526',948,,124,4,,,0
4019,'1346527',1648,,125,4,,,0
4019,'1346533',1348,,126,4,,,0
4019,'1346538',1048,,127,4,,,0
4019,'1346545',748,,128,4,,,0
4019,'1346549',1548,,129,4,,,0
4019,'1346550',1148,,130,4,,,0
4019,'1346568',1248,,131,4,,,0
4019,'1346597',1448,,132,4,,,0
4019,'1346600',1048,,133,4,,,0
4019,'1346604',848,,134,4,,,0
4019,'1346605',1448,,135,4,,,0
4019,'1346624',948,,136,4,,,0
4019,'1346644',948,,137,4,,,0
4019,'1346655',1448,,138,4,,,0
4019,'1346673',1148,,139,4,,,0
4019,'1346676',1048,,140,4,,,0
4019,'1346685',1348,,141,4,,,0
4019,'1346691',1648,,142,4,,,0
