1019,'1346483',931,,1,16,,,0
1019,'1346492',1731,,2,16,,,0
1019,'1346493',1231,,3,16,,,0
1019,'1346501',1131,,4,16,,,0
1019,'1346506',1331,,5,16,,,0
1019,'1346513',1731,,6,16,,,0
1019,'1346541',1431,,7,16,,,0
1019,'1346556',1031,,8,16,,,0
1019,'1346558',1531,,9,16,,,0
1019,'1346570',731,,10,16,,,0
1019,'1346574',1331,,11,16,,,0
1019,'1346575',1531,,12,16,,,0
1019,'1346581',1231,,13,16,,,0
1019,'1346583',1531,,14,16,,,0
1019,'1346592',1131,,15,16,,,0
1019,'1346593',1631,,16,16,,,0
1019,'1346601',1731,,17,16,,,0
1019,'1346609',1631,,18,16,,,0
1019,'1346616',1231,,19,16,,,0
1019,'1346618',1331,,20,16,,,0
1019,'1346619',931,,21,16,,,0
1019,'1346622',1631,,22,16,,,0
1019,'1346626',1431,,23,16,,,0
1019,'1346633',831,,24,16,,,0
1019,'1346647',1131,,25,16,,,0
1019,'1346658',1031,,26,16,,,0
1019,'1346668',1031,,27,16,,,0
1019,'1346680',1431,,28,16,,,0
1019,'1346681',931,,29,16,,,0
