4019,'1346487',1405,,117,18,,,0
4019,'1346489',1305,,118,18,,,0
4019,'1346503',1605,,119,18,,,0
4019,'1346517',1605,,120,18,,,0
4019,'1346520',1305,,121,18,,,0
4019,'1346521',1205,,122,18,,,0
4019,'1346523',1705,,123,18,,,0
4019,'1346526',1005,,124,18,,,0
4019,'1346527',1705,,125,18,,,0
4019,'1346533',1405,,126,18,,,0
4019,'1346538',1105,,127,18,,,0
4019,'1346545',805,,128,18,,,0
4019,'1346549',1605,,129,18,,,0
4019,'1346550',1205,,130,18,,,0
4019,'1346568',1305,,131,18,,,0
4019,'1346597',1505,,132,18,,,0
4019,'1346600',1105,,133,18,,,0
4019,'1346604',905,,134,18,,,0
4019,'1346605',1505,,135,18,,,0
4019,'1346624',1005,,136,18,,,0
4019,'1346644',1005,,137,18,,,0
4019,'1346655',1505,,138,18,,,0
4019,'1346673',1205,,139,18,,,0
4019,'1346676',1105,,140,18,,,0
4019,'1346685',1405,,141,18,,,0
4019,'1346691',1705,,142,18,,,0
