1019,'1346483',925,,1,12,,,0
1019,'1346492',1725,,2,12,,,0
1019,'1346493',1225,,3,12,,,0
1019,'1346501',1125,,4,12,,,0
1019,'1346506',1325,,5,12,,,0
1019,'1346513',1725,,6,12,,,0
1019,'1346541',1425,,7,12,,,0
1019,'1346556',1025,,8,12,,,0
1019,'1346558',1525,,9,12,,,0
1019,'1346570',725,,10,12,,,0
1019,'1346574',1325,,11,12,,,0
1019,'1346575',1525,,12,12,,,0
1019,'1346581',1225,,13,12,,,0
1019,'1346583',1525,,14,12,,,0
1019,'1346592',1125,,15,12,,,0
1019,'1346593',1625,,16,12,,,0
1019,'1346601',1725,,17,12,,,0
1019,'1346609',1625,,18,12,,,0
1019,'1346616',1225,,19,12,,,0
1019,'1346618',1325,,20,12,,,0
1019,'1346619',925,,21,12,,,0
1019,'1346622',1625,,22,12,,,0
1019,'1346626',1425,,23,12,,,0
1019,'1346633',825,,24,12,,,0
1019,'1346647',1125,,25,12,,,0
1019,'1346658',1025,,26,12,,,0
1019,'1346668',1025,,27,12,,,0
1019,'1346680',1425,,28,12,,,0
1019,'1346681',925,,29,12,,,0
