1019,'1346483',922,,1,9,,,0
1019,'1346492',1722,,2,9,,,0
1019,'1346493',1222,,3,9,,,0
1019,'1346501',1122,,4,9,,,0
1019,'1346506',1322,,5,9,,,0
1019,'1346513',1722,,6,9,,,0
1019,'1346541',1422,,7,9,,,0
1019,'1346556',1022,,8,9,,,0
1019,'1346558',1522,,9,9,,,0
1019,'1346570',722,,10,9,,,0
1019,'1346574',1322,,11,9,,,0
1019,'1346575',1522,,12,9,,,0
1019,'1346581',1222,,13,9,,,0
1019,'1346583',1522,,14,9,,,0
1019,'1346592',1122,,15,9,,,0
1019,'1346593',1622,,16,9,,,0
1019,'1346601',1722,,17,9,,,0
1019,'1346609',1622,,18,9,,,0
1019,'1346616',1222,,19,9,,,0
1019,'1346618',1322,,20,9,,,0
1019,'1346619',922,,21,9,,,0
1019,'1346622',1622,,22,9,,,0
1019,'1346626',1422,,23,9,,,0
1019,'1346633',822,,24,9,,,0
1019,'1346647',1122,,25,9,,,0
1019,'1346658',1022,,26,9,,,0
1019,'1346668',1022,,27,9,,,0
1019,'1346680',1422,,28,9,,,0
1019,'1346681',922,,29,9,,,0
