3019,'1346485',1605,,59,8,0,5 6,0
3019,'1346488',1345,,60,21,0,5 6,0
3019,'1346490',1505,,61,21,0,5 6,0
3019,'1346495',1145,,62,21,0,5 6,0
3019,'1346496',1325,,63,8,0,5 6,0
3019,'1346504',945,,64,21,0,5 6,0
3019,'1346505',1105,,65,21,0,5 6,0
3019,'1346508',1445,,67,8,0,5 6,0
3019,'1346510',1705,,68,21,0,5 6,0
3019,'1346512',1205,,70,8,0,5 6,0
3019,'1346514',745,,71,21,0,5 6,0
3019,'1346518',1225,,72,21,0,5 6,0
3019,'1346524',945,,73,21,0,5 6,0
3019,'1346530',1345,,74,21,0,5 6,0
3019,'1346537',1725,,75,8,0,5 6,0
3019,'1346539',1145,,76,21,0,5 6,0
3019,'1346543',1245,,77,8,0,5 6,0
3019,'1346546',1145,,78,21,0,5 6,0
3019,'1346551',1505,,79,21,0,5 6,0
3019,'1346553',1225,,80,21,0,5 6,0
3019,'1346557',1425,,81,21,0,5 6,0
3019,'1346559',945,,82,21,0,5 6,0
3019,'1346562',805,,83,8,0,5 6,0
3019,'1346563',1305,,84,21,0,5 6,0
3019,'1346564',1545,,85,21,0,5 6,0
3019,'1346565',905,,86,21,0,5 6,0
3019,'1346576',1625,,88,21,0,5 6,0
3019,'1346577',1025,,89,21,0,5 6,0
3019,'1346586',1225,,90,21,0,5 6,0
3019,'1346588',1305,,91,21,0,5 6,0
3019,'1346599',825,,92,21,0,5 6,0
3019,'1346602',1645,,93,8,0,5 6,0
3019,'1346606',845,,94,8,0,5 6,0
3019,'1346614',1545,,95,21,0,5 6,0
3019,'1346625',1705,,96,21,0,5 6,0
3019,'1346634',1405,,97,8,0,5 6,0
3019,'1346635',1425,,98,21,0,5 6,0
3019,'1346637',1305,,99,21,0,5 6,0
3019,'1346639',1025,,100,21,0,5 6,0
3019,'1346643',1425,,101,21,0,5 6,0
3019,'1346645',1045,,102,8,0,5 6,0
3019,'1346646',1525,,103,8,0,5 6,0
3019,'1346648',1025,,104,21,0,5 6,0
3019,'1346650',1545,,105,21,0,5 6,0
3019,'1346652',1105,,106,21,0,5 6,0
3019,'1346657',1345,,107,21,0,5 6,0
3019,'1346661',1625,,108,21,0,5 6,0
3019,'1346670',1005,,109,8,0,5 6,0
3019,'1346675',925,,110,8,0,5 6,0
3019,'1346683',1105,,112,21,0,5 6,0
3019,'1346684',1705,,113,21,0,5 6,0
3019,'1346687',1125,,114,8,0,5 6,0
3019,'1346692',1625,,115,21,0,5 6,0
3019,'1346694',1505,,116,21,0,5 6,0
