4019,'1346487',1355,,117,9,,,0
4019,'1346489',1255,,118,9,,,0
4019,'1346503',1555,,119,9,,,0
4019,'1346517',1555,,120,9,,,0
4019,'1346520',1255,,121,9,,,0
4019,'1346521',1155,,122,9,,,0
4019,'1346523',1655,,123,9,,,0
4019,'1346526',955,,124,9,,,0
4019,'1346527',1655,,125,9,,,0
4019,'1346533',1355,,126,9,,,0
4019,'1346538',1055,,127,9,,,0
4019,'1346545',755,,128,9,,,0
4019,'1346549',1555,,129,9,,,0
4019,'1346550',1155,,130,9,,,0
4019,'1346568',1255,,131,9,,,0
4019,'1346597',1455,,132,9,,,0
4019,'1346600',1055,,133,9,,,0
4019,'1346604',855,,134,9,,,0
4019,'1346605',1455,,135,9,,,0
4019,'1346624',955,,136,9,,,0
4019,'1346644',955,,137,9,,,0
4019,'1346655',1455,,138,9,,,0
4019,'1346673',1155,,139,9,,,0
4019,'1346676',1055,,140,9,,,0
4019,'1346685',1355,,141,9,,,0
4019,'1346691',1655,,142,9,,,0
