2019,'1346481',1326,,30,11,,,0
2019,'1346486',1726,,31,11,,,0
2019,'1346498',1126,,32,11,,,0
2019,'1346500',1126,,33,11,,,0
2019,'1346522',926,,34,11,,,0
2019,'1346525',826,,35,11,,,0
2019,'1346536',726,,36,11,,,0
2019,'1346540',1026,,37,11,,,0
2019,'1346554',1526,,38,11,,,0
2019,'1346572',1326,,39,11,,,0
2019,'1346584',1626,,40,11,,,0
2019,'1346585',926,,41,11,,,0
2019,'1346589',1226,,42,11,,,0
2019,'1346595',1126,,43,11,,,0
2019,'1346607',1526,,44,11,,,0
2019,'1346615',1226,,45,11,,,0
2019,'1346620',1426,,46,11,,,0
2019,'1346623',1426,,47,11,,,0
2019,'1346628',1026,,48,11,,,0
2019,'1346632',1626,,49,11,,,0
2019,'1346651',1326,,50,11,,,0
2019,'1346656',1726,,51,11,,,0
2019,'1346660',1526,,52,11,,,0
2019,'1346662',1026,,53,11,,,0
2019,'1346671',1726,,54,11,,,0
2019,'1346672',1426,,55,11,,,0
2019,'1346674',1626,,56,11,,,0
2019,'1346682',1226,,57,11,,,0
2019,'1346688',926,,58,11,,,0
