3019,'1346485',1635,,59,30,0,5 6,0
3019,'1346488',1334,,60,13,0,5 6,0
3019,'1346490',1454,,61,13,0,5 6,0
3019,'1346495',1134,,62,13,0,5 6,0
3019,'1346496',1355,,63,30,0,5 6,0
3019,'1346504',934,,64,13,0,5 6,0
3019,'1346505',1054,,65,13,0,5 6,0
3019,'1346507',1734,,66,13,0,5 6,0
3019,'1346508',1515,,67,30,0,5 6,0
3019,'1346510',1654,,68,13,0,5 6,0
3019,'1346511',755,,69,20,0,5 6,0
3019,'1346512',1235,,70,30,0,5 6,0
3019,'1346514',734,,71,13,0,5 6,0
3019,'1346518',1214,,72,13,0,5 6,0
3019,'1346524',934,,73,13,0,5 6,0
3019,'1346530',1334,,74,13,0,5 6,0
3019,'1346539',1134,,76,13,0,5 6,0
3019,'1346543',1315,,77,30,0,5 6,0
3019,'1346546',1134,,78,13,0,5 6,0
3019,'1346551',1454,,79,13,0,5 6,0
3019,'1346553',1214,,80,13,0,5 6,0
3019,'1346557',1414,,81,13,0,5 6,0
3019,'1346559',934,,82,13,0,5 6,0
3019,'1346562',835,,83,30,0,5 6,0
3019,'1346563',1254,,84,13,0,5 6,0
3019,'1346564',1534,,85,13,0,5 6,0
3019,'1346565',854,,86,13,0,5 6,0
3019,'1346567',1734,,87,13,0,5 6,0
3019,'1346576',1614,,88,13,0,5 6,0
3019,'1346577',1014,,89,13,0,5 6,0
3019,'1346586',1214,,90,13,0,5 6,0
3019,'1346588',1254,,91,13,0,5 6,0
3019,'1346599',814,,92,13,0,5 6,0
3019,'1346602',1715,,93,30,0,5 6,0
3019,'1346606',915,,94,30,0,5 6,0
3019,'1346614',1534,,95,13,0,5 6,0
3019,'1346625',1654,,96,13,0,5 6,0
3019,'1346634',1435,,97,30,0,5 6,0
3019,'1346635',1414,,98,13,0,5 6,0
3019,'1346637',1254,,99,13,0,5 6,0
3019,'1346639',1014,,100,13,0,5 6,0
3019,'1346643',1414,,101,13,0,5 6,0
3019,'1346645',1115,,102,30,0,5 6,0
3019,'1346646',1555,,103,30,0,5 6,0
3019,'1346648',1014,,104,13,0,5 6,0
3019,'1346650',1534,,105,13,0,5 6,0
3019,'1346652',1054,,106,13,0,5 6,0
3019,'1346657',1334,,107,13,0,5 6,0
3019,'1346661',1614,,108,13,0,5 6,0
3019,'1346670',1035,,109,30,0,5 6,0
3019,'1346675',955,,110,30,0,5 6,0
3019,'1346679',1734,,111,13,0,5 6,0
3019,'1346683',1054,,112,13,0,5 6,0
3019,'1346684',1654,,113,13,0,5 6,0
3019,'1346687',1155,,114,30,0,5 6,0
3019,'1346692',1614,,115,13,0,5 6,0
3019,'1346694',1454,,116,13,0,5 6,0
5019,'1346482',1214,,143,27,,,0
5019,'1346494',1614,,144,27,,,0
5019,'1346502',1114,,145,27,,,0
5019,'1346528',1414,,146,27,,,0
5019,'1346532',1514,,147,27,,,0
5019,'1346535',1014,,148,27,,,0
5019,'1346542',1114,,149,27,,,0
5019,'1346544',1514,,150,27,,,0
5019,'1346547',814,,151,27,,,0
5019,'1346548',1714,,152,27,,,0
5019,'1346552',1414,,153,27,,,0
5019,'1346560',1714,,154,27,,,0
5019,'1346566',1014,,155,27,,,0
5019,'1346578',1314,,156,27,,,0
5019,'1346579',1114,,157,27,,,0
5019,'1346582',1614,,158,27,,,0
5019,'1346587',1714,,159,27,,,0
5019,'1346594',1314,,160,27,,,0
5019,'1346603',1214,,161,27,,,0
5019,'1346608',1514,,162,27,,,0
5019,'1346613',914,,163,27,,,0
5019,'1346627',1214,,164,27,,,0
5019,'1346630',1614,,165,27,,,0
5019,'1346641',1414,,166,27,,,0
5019,'1346659',1314,,167,27,,,0
5019,'1346686',1014,,168,27,,,0
