4019,'1346487',1401,,117,13,,,0
4019,'1346489',1301,,118,13,,,0
4019,'1346503',1601,,119,13,,,0
4019,'1346517',1601,,120,13,,,0
4019,'1346520',1301,,121,13,,,0
4019,'1346521',1201,,122,13,,,0
4019,'1346523',1701,,123,13,,,0
4019,'1346526',1001,,124,13,,,0
4019,'1346527',1701,,125,13,,,0
4019,'1346533',1401,,126,13,,,0
4019,'1346538',1101,,127,13,,,0
4019,'1346545',801,,128,13,,,0
4019,'1346549',1601,,129,13,,,0
4019,'1346550',1201,,130,13,,,0
4019,'1346568',1301,,131,13,,,0
4019,'1346597',1501,,132,13,,,0
4019,'1346600',1101,,133,13,,,0
4019,'1346604',901,,134,13,,,0
4019,'1346605',1501,,135,13,,,0
4019,'1346624',1001,,136,13,,,0
4019,'1346644',1001,,137,13,,,0
4019,'1346655',1501,,138,13,,,0
4019,'1346673',1201,,139,13,,,0
4019,'1346676',1101,,140,13,,,0
4019,'1346685',1401,,141,13,,,0
4019,'1346691',1701,,142,13,,,0
