4019,'1346487',1406,,117,20,,,0
4019,'1346489',1306,,118,20,,,0
4019,'1346503',1606,,119,20,,,0
4019,'1346517',1606,,120,20,,,0
4019,'1346520',1306,,121,20,,,0
4019,'1346521',1206,,122,20,,,0
4019,'1346523',1706,,123,20,,,0
4019,'1346526',1006,,124,20,,,0
4019,'1346527',1706,,125,20,,,0
4019,'1346533',1406,,126,20,,,0
4019,'1346538',1106,,127,20,,,0
4019,'1346545',806,,128,20,,,0
4019,'1346549',1606,,129,20,,,0
4019,'1346550',1206,,130,20,,,0
4019,'1346568',1306,,131,20,,,0
4019,'1346597',1506,,132,20,,,0
4019,'1346600',1106,,133,20,,,0
4019,'1346604',906,,134,20,,,0
4019,'1346605',1506,,135,20,,,0
4019,'1346624',1006,,136,20,,,0
4019,'1346644',1006,,137,20,,,0
4019,'1346655',1506,,138,20,,,0
4019,'1346673',1206,,139,20,,,0
4019,'1346676',1106,,140,20,,,0
4019,'1346685',1406,,141,20,,,0
4019,'1346691',1706,,142,20,,,0
