4019,'1346487',1359,,117,11,,,0
4019,'1346489',1259,,118,11,,,0
4019,'1346503',1559,,119,11,,,0
4019,'1346517',1559,,120,11,,,0
4019,'1346520',1259,,121,11,,,0
4019,'1346521',1159,,122,11,,,0
4019,'1346523',1659,,123,11,,,0
4019,'1346526',959,,124,11,,,0
4019,'1346527',1659,,125,11,,,0
4019,'1346533',1359,,126,11,,,0
4019,'1346538',1059,,127,11,,,0
4019,'1346545',759,,128,11,,,0
4019,'1346549',1559,,129,11,,,0
4019,'1346550',1159,,130,11,,,0
4019,'1346568',1259,,131,11,,,0
4019,'1346597',1459,,132,11,,,0
4019,'1346600',1059,,133,11,,,0
4019,'1346604',859,,134,11,,,0
4019,'1346605',1459,,135,11,,,0
4019,'1346624',959,,136,11,,,0
4019,'1346644',959,,137,11,,,0
4019,'1346655',1459,,138,11,,,0
4019,'1346673',1159,,139,11,,,0
4019,'1346676',1059,,140,11,,,0
4019,'1346685',1359,,141,11,,,0
4019,'1346691',1659,,142,11,,,0
