1019,'1346483',937,,1,26,,,0
1019,'1346492',1737,,2,26,,,0
1019,'1346493',1237,,3,26,,,0
1019,'1346501',1137,,4,26,,,0
1019,'1346506',1337,,5,26,,,0
1019,'1346513',1737,,6,26,,,0
1019,'1346541',1437,,7,26,,,0
1019,'1346556',1037,,8,26,,,0
1019,'1346558',1537,,9,26,,,0
1019,'1346570',737,,10,26,,,0
1019,'1346574',1337,,11,26,,,0
1019,'1346575',1537,,12,26,,,0
1019,'1346581',1237,,13,26,,,0
1019,'1346583',1537,,14,26,,,0
1019,'1346592',1137,,15,26,,,0
1019,'1346593',1637,,16,26,,,0
1019,'1346601',1737,,17,26,,,0
1019,'1346609',1637,,18,26,,,0
1019,'1346616',1237,,19,26,,,0
1019,'1346618',1337,,20,26,,,0
1019,'1346619',937,,21,26,,,0
1019,'1346622',1637,,22,26,,,0
1019,'1346626',1437,,23,26,,,0
1019,'1346633',837,,24,26,,,0
1019,'1346647',1137,,25,26,,,0
1019,'1346658',1037,,26,26,,,0
1019,'1346668',1037,,27,26,,,0
1019,'1346680',1437,,28,26,,,0
1019,'1346681',937,,29,26,,,0
