5019,'1346482',1159,,143,11,,,0
5019,'1346494',1559,,144,11,,,0
5019,'1346502',1059,,145,11,,,0
5019,'1346528',1359,,146,11,,,0
5019,'1346532',1459,,147,11,,,0
5019,'1346535',959,,148,11,,,0
5019,'1346542',1059,,149,11,,,0
5019,'1346544',1459,,150,11,,,0
5019,'1346547',759,,151,11,,,0
5019,'1346548',1659,,152,11,,,0
5019,'1346552',1359,,153,11,,,0
5019,'1346560',1659,,154,11,,,0
5019,'1346566',959,,155,11,,,0
5019,'1346578',1259,,156,11,,,0
5019,'1346579',1059,,157,11,,,0
5019,'1346582',1559,,158,11,,,0
5019,'1346587',1659,,159,11,,,0
5019,'1346594',1259,,160,11,,,0
5019,'1346603',1159,,161,11,,,0
5019,'1346608',1459,,162,11,,,0
5019,'1346613',859,,163,11,,,0
5019,'1346627',1159,,164,11,,,0
5019,'1346630',1559,,165,11,,,0
5019,'1346641',1359,,166,11,,,0
5019,'1346659',1259,,167,11,,,0
5019,'1346686',959,,168,11,,,0
