1019,'1346483',939,,1,27,,,0
1019,'1346492',1739,,2,27,,,0
1019,'1346493',1239,,3,27,,,0
1019,'1346501',1139,,4,27,,,0
1019,'1346506',1339,,5,27,,,0
1019,'1346513',1739,,6,27,,,0
1019,'1346541',1439,,7,27,,,0
1019,'1346556',1039,,8,27,,,0
1019,'1346558',1539,,9,27,,,0
1019,'1346570',739,,10,27,,,0
1019,'1346574',1339,,11,27,,,0
1019,'1346575',1539,,12,27,,,0
1019,'1346581',1239,,13,27,,,0
1019,'1346583',1539,,14,27,,,0
1019,'1346592',1139,,15,27,,,0
1019,'1346593',1639,,16,27,,,0
1019,'1346601',1739,,17,27,,,0
1019,'1346609',1639,,18,27,,,0
1019,'1346616',1239,,19,27,,,0
1019,'1346618',1339,,20,27,,,0
1019,'1346619',939,,21,27,,,0
1019,'1346622',1639,,22,27,,,0
1019,'1346626',1439,,23,27,,,0
1019,'1346633',839,,24,27,,,0
1019,'1346647',1139,,25,27,,,0
1019,'1346658',1039,,26,27,,,0
1019,'1346668',1039,,27,27,,,0
1019,'1346680',1439,,28,27,,,0
1019,'1346681',939,,29,27,,,0
