2019,'1346481',1324,,30,8,,,0
2019,'1346486',1724,,31,8,,,0
2019,'1346498',1124,,32,8,,,0
2019,'1346500',1124,,33,8,,,0
2019,'1346522',924,,34,8,,,0
2019,'1346525',824,,35,8,,,0
2019,'1346536',724,,36,8,,,0
2019,'1346540',1024,,37,8,,,0
2019,'1346554',1524,,38,8,,,0
2019,'1346572',1324,,39,8,,,0
2019,'1346584',1624,,40,8,,,0
2019,'1346585',924,,41,8,,,0
2019,'1346589',1224,,42,8,,,0
2019,'1346595',1124,,43,8,,,0
2019,'1346607',1524,,44,8,,,0
2019,'1346615',1224,,45,8,,,0
2019,'1346620',1424,,46,8,,,0
2019,'1346623',1424,,47,8,,,0
2019,'1346628',1024,,48,8,,,0
2019,'1346632',1624,,49,8,,,0
2019,'1346651',1324,,50,8,,,0
2019,'1346656',1724,,51,8,,,0
2019,'1346660',1524,,52,8,,,0
2019,'1346662',1024,,53,8,,,0
2019,'1346671',1724,,54,8,,,0
2019,'1346672',1424,,55,8,,,0
2019,'1346674',1624,,56,8,,,0
2019,'1346682',1224,,57,8,,,0
2019,'1346688',924,,58,8,,,0
4019,'1346487',1407,,117,21,,,0
4019,'1346489',1307,,118,21,,,0
4019,'1346503',1607,,119,21,,,0
4019,'1346517',1607,,120,21,,,0
4019,'1346520',1307,,121,21,,,0
4019,'1346521',1207,,122,21,,,0
4019,'1346523',1707,,123,21,,,0
4019,'1346526',1007,,124,21,,,0
4019,'1346527',1707,,125,21,,,0
4019,'1346533',1407,,126,21,,,0
4019,'1346538',1107,,127,21,,,0
4019,'1346545',807,,128,21,,,0
4019,'1346549',1607,,129,21,,,0
4019,'1346550',1207,,130,21,,,0
4019,'1346568',1307,,131,21,,,0
4019,'1346597',1507,,132,21,,,0
4019,'1346600',1107,,133,21,,,0
4019,'1346604',907,,134,21,,,0
4019,'1346605',1507,,135,21,,,0
4019,'1346624',1007,,136,21,,,0
4019,'1346644',1007,,137,21,,,0
4019,'1346655',1507,,138,21,,,0
4019,'1346673',1207,,139,21,,,0
4019,'1346676',1107,,140,21,,,0
4019,'1346685',1407,,141,21,,,0
4019,'1346691',1707,,142,21,,,0
