5019,'1346482',1205,,143,17,,,0
5019,'1346494',1605,,144,17,,,0
5019,'1346502',1105,,145,17,,,0
5019,'1346528',1405,,146,17,,,0
5019,'1346532',1505,,147,17,,,0
5019,'1346535',1005,,148,17,,,0
5019,'1346542',1105,,149,17,,,0
5019,'1346544',1505,,150,17,,,0
5019,'1346547',805,,151,17,,,0
5019,'1346548',1705,,152,17,,,0
5019,'1346552',1405,,153,17,,,0
5019,'1346560',1705,,154,17,,,0
5019,'1346566',1005,,155,17,,,0
5019,'1346578',1305,,156,17,,,0
5019,'1346579',1105,,157,17,,,0
5019,'1346582',1605,,158,17,,,0
5019,'1346587',1705,,159,17,,,0
5019,'1346594',1305,,160,17,,,0
5019,'1346603',1205,,161,17,,,0
5019,'1346608',1505,,162,17,,,0
5019,'1346613',905,,163,17,,,0
5019,'1346627',1205,,164,17,,,0
5019,'1346630',1605,,165,17,,,0
5019,'1346641',1405,,166,17,,,0
5019,'1346659',1305,,167,17,,,0
5019,'1346686',1005,,168,17,,,0
