1019,'1346483',935,,1,24,,,0
1019,'1346492',1735,,2,24,,,0
1019,'1346493',1235,,3,24,,,0
1019,'1346501',1135,,4,24,,,0
1019,'1346506',1335,,5,24,,,0
1019,'1346513',1735,,6,24,,,0
1019,'1346541',1435,,7,24,,,0
1019,'1346556',1035,,8,24,,,0
1019,'1346558',1535,,9,24,,,0
1019,'1346570',735,,10,24,,,0
1019,'1346574',1335,,11,24,,,0
1019,'1346575',1535,,12,24,,,0
1019,'1346581',1235,,13,24,,,0
1019,'1346583',1535,,14,24,,,0
1019,'1346592',1135,,15,24,,,0
1019,'1346593',1635,,16,24,,,0
1019,'1346601',1735,,17,24,,,0
1019,'1346609',1635,,18,24,,,0
1019,'1346616',1235,,19,24,,,0
1019,'1346618',1335,,20,24,,,0
1019,'1346619',935,,21,24,,,0
1019,'1346622',1635,,22,24,,,0
1019,'1346626',1435,,23,24,,,0
1019,'1346633',835,,24,24,,,0
1019,'1346647',1135,,25,24,,,0
1019,'1346658',1035,,26,24,,,0
1019,'1346668',1035,,27,24,,,0
1019,'1346680',1435,,28,24,,,0
1019,'1346681',935,,29,24,,,0
