2019,'1346481',1336,,30,19,,,0
2019,'1346486',1736,,31,19,,,0
2019,'1346498',1136,,32,19,,,0
2019,'1346500',1136,,33,19,,,0
2019,'1346522',936,,34,19,,,0
2019,'1346525',836,,35,19,,,0
2019,'1346536',736,,36,19,,,0
2019,'1346540',1036,,37,19,,,0
2019,'1346554',1536,,38,19,,,0
2019,'1346572',1336,,39,19,,,0
2019,'1346584',1636,,40,19,,,0
2019,'1346585',936,,41,19,,,0
2019,'1346589',1236,,42,19,,,0
2019,'1346595',1136,,43,19,,,0
2019,'1346607',1536,,44,19,,,0
2019,'1346615',1236,,45,19,,,0
2019,'1346620',1436,,46,19,,,0
2019,'1346623',1436,,47,19,,,0
2019,'1346628',1036,,48,19,,,0
2019,'1346632',1636,,49,19,,,0
2019,'1346651',1336,,50,19,,,0
2019,'1346656',1736,,51,19,,,0
2019,'1346660',1536,,52,19,,,0
2019,'1346662',1036,,53,19,,,0
2019,'1346671',1736,,54,19,,,0
2019,'1346672',1436,,55,19,,,0
2019,'1346674',1636,,56,19,,,0
2019,'1346682',1236,,57,19,,,0
2019,'1346688',936,,58,19,,,0
