3019,'1346485',1625,,59,21,,,0
3019,'1346488',1322,,60,4,,,0
3019,'1346490',1442,,61,4,,,0
3019,'1346495',1122,,62,4,,,0
3019,'1346496',1345,,63,21,,,0
3019,'1346504',922,,64,4,,,0
3019,'1346505',1042,,65,4,,,0
3019,'1346507',1722,,66,4,,,0
3019,'1346508',1505,,67,21,,,0
3019,'1346510',1642,,68,4,,,0
3019,'1346511',745,,69,11,,,0
3019,'1346512',1225,,70,21,,,0
3019,'1346514',722,,71,4,,,0
3019,'1346518',1202,,72,4,,,0
3019,'1346524',922,,73,4,,,0
3019,'1346530',1322,,74,4,,,0
3019,'1346537',1745,,75,21,4,,0
3019,'1346539',1122,,76,4,,,0
3019,'1346543',1305,,77,21,,,0
3019,'1346546',1122,,78,4,,,0
3019,'1346551',1442,,79,4,,,0
3019,'1346553',1202,,80,4,,,0
3019,'1346557',1402,,81,4,,,0
3019,'1346559',922,,82,4,,,0
3019,'1346562',825,,83,21,,,0
3019,'1346563',1242,,84,4,,,0
3019,'1346564',1522,,85,4,,,0
3019,'1346565',842,,86,4,,,0
3019,'1346567',1722,,87,4,,,0
3019,'1346576',1602,,88,4,,,0
3019,'1346577',1002,,89,4,,,0
3019,'1346586',1202,,90,4,,,0
3019,'1346588',1242,,91,4,,,0
3019,'1346599',802,,92,4,,,0
3019,'1346602',1705,,93,21,,,0
3019,'1346606',905,,94,21,,,0
3019,'1346614',1522,,95,4,,,0
3019,'1346625',1642,,96,4,,,0
3019,'1346634',1425,,97,21,,,0
3019,'1346635',1402,,98,4,,,0
3019,'1346637',1242,,99,4,,,0
3019,'1346639',1002,,100,4,,,0
3019,'1346643',1402,,101,4,,,0
3019,'1346645',1105,,102,21,,,0
3019,'1346646',1545,,103,21,,,0
3019,'1346648',1002,,104,4,,,0
3019,'1346650',1522,,105,4,,,0
3019,'1346652',1042,,106,4,,,0
3019,'1346657',1322,,107,4,,,0
3019,'1346661',1602,,108,4,,,0
3019,'1346670',1025,,109,21,,,0
3019,'1346675',945,,110,21,,,0
3019,'1346679',1722,,111,4,,,0
3019,'1346683',1042,,112,4,,,0
3019,'1346684',1642,,113,4,,,0
3019,'1346687',1145,,114,21,,,0
3019,'1346692',1602,,115,4,,,0
3019,'1346694',1442,,116,4,,,0
5019,'1346482',1152,,143,4,,,0
5019,'1346494',1552,,144,4,,,0
5019,'1346502',1052,,145,4,,,0
5019,'1346528',1352,,146,4,,,0
5019,'1346532',1452,,147,4,,,0
5019,'1346535',952,,148,4,,,0
5019,'1346542',1052,,149,4,,,0
5019,'1346544',1452,,150,4,,,0
5019,'1346547',752,,151,4,,,0
5019,'1346548',1652,,152,4,,,0
5019,'1346552',1352,,153,4,,,0
5019,'1346560',1652,,154,4,,,0
5019,'1346566',952,,155,4,,,0
5019,'1346578',1252,,156,4,,,0
5019,'1346579',1052,,157,4,,,0
5019,'1346582',1552,,158,4,,,0
5019,'1346587',1652,,159,4,,,0
5019,'1346594',1252,,160,4,,,0
5019,'1346603',1152,,161,4,,,0
5019,'1346608',1452,,162,4,,,0
5019,'1346613',852,,163,4,,,0
5019,'1346627',1152,,164,4,,,0
5019,'1346630',1552,,165,4,,,0
5019,'1346641',1352,,166,4,,,0
5019,'1346659',1252,,167,4,,,0
5019,'1346686',952,,168,4,,,0
