3019,'1346485',1633,,59,27,0,5 6,0
3019,'1346488',1330,,60,10,0,5 6,0
3019,'1346490',1450,,61,10,0,5 6,0
3019,'1346495',1130,,62,10,0,5 6,0
3019,'1346496',1353,,63,27,0,5 6,0
3019,'1346504',930,,64,10,0,5 6,0
3019,'1346505',1050,,65,10,0,5 6,0
3019,'1346507',1730,,66,10,0,5 6,0
3019,'1346508',1513,,67,27,0,5 6,0
3019,'1346510',1650,,68,10,0,5 6,0
3019,'1346511',753,,69,17,0,5 6,0
3019,'1346512',1233,,70,27,0,5 6,0
3019,'1346514',730,,71,10,0,5 6,0
3019,'1346518',1210,,72,10,0,5 6,0
3019,'1346524',930,,73,10,0,5 6,0
3019,'1346530',1330,,74,10,0,5 6,0
3019,'1346539',1130,,76,10,0,5 6,0
3019,'1346543',1313,,77,27,0,5 6,0
3019,'1346546',1130,,78,10,0,5 6,0
3019,'1346551',1450,,79,10,0,5 6,0
3019,'1346553',1210,,80,10,0,5 6,0
3019,'1346557',1410,,81,10,0,5 6,0
3019,'1346559',930,,82,10,0,5 6,0
3019,'1346562',833,,83,27,0,5 6,0
3019,'1346563',1250,,84,10,0,5 6,0
3019,'1346564',1530,,85,10,0,5 6,0
3019,'1346565',850,,86,10,0,5 6,0
3019,'1346567',1730,,87,10,0,5 6,0
3019,'1346576',1610,,88,10,0,5 6,0
3019,'1346577',1010,,89,10,0,5 6,0
3019,'1346586',1210,,90,10,0,5 6,0
3019,'1346588',1250,,91,10,0,5 6,0
3019,'1346599',810,,92,10,0,5 6,0
3019,'1346602',1713,,93,27,0,5 6,0
3019,'1346606',913,,94,27,0,5 6,0
3019,'1346614',1530,,95,10,0,5 6,0
3019,'1346625',1650,,96,10,0,5 6,0
3019,'1346634',1433,,97,27,0,5 6,0
3019,'1346635',1410,,98,10,0,5 6,0
3019,'1346637',1250,,99,10,0,5 6,0
3019,'1346639',1010,,100,10,0,5 6,0
3019,'1346643',1410,,101,10,0,5 6,0
3019,'1346645',1113,,102,27,0,5 6,0
3019,'1346646',1553,,103,27,0,5 6,0
3019,'1346648',1010,,104,10,0,5 6,0
3019,'1346650',1530,,105,10,0,5 6,0
3019,'1346652',1050,,106,10,0,5 6,0
3019,'1346657',1330,,107,10,0,5 6,0
3019,'1346661',1610,,108,10,0,5 6,0
3019,'1346670',1033,,109,27,0,5 6,0
3019,'1346675',953,,110,27,0,5 6,0
3019,'1346679',1730,,111,10,0,5 6,0
3019,'1346683',1050,,112,10,0,5 6,0
3019,'1346684',1650,,113,10,0,5 6,0
3019,'1346687',1153,,114,27,0,5 6,0
3019,'1346692',1610,,115,10,0,5 6,0
3019,'1346694',1450,,116,10,0,5 6,0
5019,'1346482',1214,,143,24,,,0
5019,'1346494',1614,,144,24,,,0
5019,'1346502',1114,,145,24,,,0
5019,'1346528',1414,,146,24,,,0
5019,'1346532',1514,,147,24,,,0
5019,'1346535',1014,,148,24,,,0
5019,'1346542',1114,,149,24,,,0
5019,'1346544',1514,,150,24,,,0
5019,'1346547',814,,151,24,,,0
5019,'1346548',1714,,152,24,,,0
5019,'1346552',1414,,153,24,,,0
5019,'1346560',1714,,154,24,,,0
5019,'1346566',1014,,155,24,,,0
5019,'1346578',1314,,156,24,,,0
5019,'1346579',1114,,157,24,,,0
5019,'1346582',1614,,158,24,,,0
5019,'1346587',1714,,159,24,,,0
5019,'1346594',1314,,160,24,,,0
5019,'1346603',1214,,161,24,,,0
5019,'1346608',1514,,162,24,,,0
5019,'1346613',914,,163,24,,,0
5019,'1346627',1214,,164,24,,,0
5019,'1346630',1614,,165,24,,,0
5019,'1346641',1414,,166,24,,,0
5019,'1346659',1314,,167,24,,,0
5019,'1346686',1014,,168,24,,,0
