2019,'1346481',1339,,30,22,,,0
2019,'1346486',1739,,31,22,,,0
2019,'1346498',1139,,32,22,,,0
2019,'1346500',1139,,33,22,,,0
2019,'1346522',939,,34,22,,,0
2019,'1346525',839,,35,22,,,0
2019,'1346536',739,,36,22,,,0
2019,'1346540',1039,,37,22,,,0
2019,'1346554',1539,,38,22,,,0
2019,'1346572',1339,,39,22,,,0
2019,'1346584',1639,,40,22,,,0
2019,'1346585',939,,41,22,,,0
2019,'1346589',1239,,42,22,,,0
2019,'1346595',1139,,43,22,,,0
2019,'1346607',1539,,44,22,,,0
2019,'1346615',1239,,45,22,,,0
2019,'1346620',1439,,46,22,,,0
2019,'1346623',1439,,47,22,,,0
2019,'1346628',1039,,48,22,,,0
2019,'1346632',1639,,49,22,,,0
2019,'1346651',1339,,50,22,,,0
2019,'1346656',1739,,51,22,,,0
2019,'1346660',1539,,52,22,,,0
2019,'1346662',1039,,53,22,,,0
2019,'1346671',1739,,54,22,,,0
2019,'1346672',1439,,55,22,,,0
2019,'1346674',1639,,56,22,,,0
2019,'1346682',1239,,57,22,,,0
2019,'1346688',939,,58,22,,,0
