3019,'1346485',1626,,59,22,,,0
3019,'1346488',1323,,60,5,,,0
3019,'1346490',1443,,61,5,,,0
3019,'1346495',1123,,62,5,,,0
3019,'1346496',1346,,63,22,,,0
3019,'1346504',923,,64,5,,,0
3019,'1346505',1043,,65,5,,,0
3019,'1346507',1723,,66,5,,,0
3019,'1346508',1506,,67,22,,,0
3019,'1346510',1643,,68,5,,,0
3019,'1346511',746,,69,12,,,0
3019,'1346512',1226,,70,22,,,0
3019,'1346514',723,,71,5,,,0
3019,'1346518',1203,,72,5,,,0
3019,'1346524',923,,73,5,,,0
3019,'1346530',1323,,74,5,,,0
3019,'1346539',1123,,76,5,,,0
3019,'1346543',1306,,77,22,,,0
3019,'1346546',1123,,78,5,,,0
3019,'1346551',1443,,79,5,,,0
3019,'1346553',1203,,80,5,,,0
3019,'1346557',1403,,81,5,,,0
3019,'1346559',923,,82,5,,,0
3019,'1346562',826,,83,22,,,0
3019,'1346563',1243,,84,5,,,0
3019,'1346564',1523,,85,5,,,0
3019,'1346565',843,,86,5,,,0
3019,'1346567',1723,,87,5,,,0
3019,'1346576',1603,,88,5,,,0
3019,'1346577',1003,,89,5,,,0
3019,'1346586',1203,,90,5,,,0
3019,'1346588',1243,,91,5,,,0
3019,'1346599',803,,92,5,,,0
3019,'1346602',1706,,93,22,,,0
3019,'1346606',906,,94,22,,,0
3019,'1346614',1523,,95,5,,,0
3019,'1346625',1643,,96,5,,,0
3019,'1346634',1426,,97,22,,,0
3019,'1346635',1403,,98,5,,,0
3019,'1346637',1243,,99,5,,,0
3019,'1346639',1003,,100,5,,,0
3019,'1346643',1403,,101,5,,,0
3019,'1346645',1106,,102,22,,,0
3019,'1346646',1546,,103,22,,,0
3019,'1346648',1003,,104,5,,,0
3019,'1346650',1523,,105,5,,,0
3019,'1346652',1043,,106,5,,,0
3019,'1346657',1323,,107,5,,,0
3019,'1346661',1603,,108,5,,,0
3019,'1346670',1026,,109,22,,,0
3019,'1346675',946,,110,22,,,0
3019,'1346679',1723,,111,5,,,0
3019,'1346683',1043,,112,5,,,0
3019,'1346684',1643,,113,5,,,0
3019,'1346687',1146,,114,22,,,0
3019,'1346692',1603,,115,5,,,0
3019,'1346694',1443,,116,5,,,0
