5019,'1346482',1206,,143,18,,,0
5019,'1346494',1606,,144,18,,,0
5019,'1346502',1106,,145,18,,,0
5019,'1346528',1406,,146,18,,,0
5019,'1346532',1506,,147,18,,,0
5019,'1346535',1006,,148,18,,,0
5019,'1346542',1106,,149,18,,,0
5019,'1346544',1506,,150,18,,,0
5019,'1346547',806,,151,18,,,0
5019,'1346548',1706,,152,18,,,0
5019,'1346552',1406,,153,18,,,0
5019,'1346560',1706,,154,18,,,0
5019,'1346566',1006,,155,18,,,0
5019,'1346578',1306,,156,18,,,0
5019,'1346579',1106,,157,18,,,0
5019,'1346582',1606,,158,18,,,0
5019,'1346587',1706,,159,18,,,0
5019,'1346594',1306,,160,18,,,0
5019,'1346603',1206,,161,18,,,0
5019,'1346608',1506,,162,18,,,0
5019,'1346613',906,,163,18,,,0
5019,'1346627',1206,,164,18,,,0
5019,'1346630',1606,,165,18,,,0
5019,'1346641',1406,,166,18,,,0
5019,'1346659',1306,,167,18,,,0
5019,'1346686',1006,,168,18,,,0
