1019,'1346483',921,,1,7,,,0
1019,'1346492',1721,,2,7,,,0
1019,'1346493',1221,,3,7,,,0
1019,'1346501',1121,,4,7,,,0
1019,'1346506',1321,,5,7,,,0
1019,'1346513',1721,,6,7,,,0
1019,'1346541',1421,,7,7,,,0
1019,'1346556',1021,,8,7,,,0
1019,'1346558',1521,,9,7,,,0
1019,'1346570',721,,10,7,,,0
1019,'1346574',1321,,11,7,,,0
1019,'1346575',1521,,12,7,,,0
1019,'1346581',1221,,13,7,,,0
1019,'1346583',1521,,14,7,,,0
1019,'1346592',1121,,15,7,,,0
1019,'1346593',1621,,16,7,,,0
1019,'1346601',1721,,17,7,,,0
1019,'1346609',1621,,18,7,,,0
1019,'1346616',1221,,19,7,,,0
1019,'1346618',1321,,20,7,,,0
1019,'1346619',921,,21,7,,,0
1019,'1346622',1621,,22,7,,,0
1019,'1346626',1421,,23,7,,,0
1019,'1346633',821,,24,7,,,0
1019,'1346647',1121,,25,7,,,0
1019,'1346658',1021,,26,7,,,0
1019,'1346668',1021,,27,7,,,0
1019,'1346680',1421,,28,7,,,0
1019,'1346681',921,,29,7,,,0
