1019,'1346483',932,,1,18,,,0
1019,'1346492',1732,,2,18,,,0
1019,'1346493',1232,,3,18,,,0
1019,'1346501',1132,,4,18,,,0
1019,'1346506',1332,,5,18,,,0
1019,'1346513',1732,,6,18,,,0
1019,'1346541',1432,,7,18,,,0
1019,'1346556',1032,,8,18,,,0
1019,'1346558',1532,,9,18,,,0
1019,'1346570',732,,10,18,,,0
1019,'1346574',1332,,11,18,,,0
1019,'1346575',1532,,12,18,,,0
1019,'1346581',1232,,13,18,,,0
1019,'1346583',1532,,14,18,,,0
1019,'1346592',1132,,15,18,,,0
1019,'1346593',1632,,16,18,,,0
1019,'1346601',1732,,17,18,,,0
1019,'1346609',1632,,18,18,,,0
1019,'1346616',1232,,19,18,,,0
1019,'1346618',1332,,20,18,,,0
1019,'1346619',932,,21,18,,,0
1019,'1346622',1632,,22,18,,,0
1019,'1346626',1432,,23,18,,,0
1019,'1346633',832,,24,18,,,0
1019,'1346647',1132,,25,18,,,0
1019,'1346658',1032,,26,18,,,0
1019,'1346668',1032,,27,18,,,0
1019,'1346680',1432,,28,18,,,0
1019,'1346681',932,,29,18,,,0
