3019,'1346485',1607,,59,10,,,0
3019,'1346488',1347,,60,23,,,0
3019,'1346490',1507,,61,23,,,0
3019,'1346495',1147,,62,23,,,0
3019,'1346496',1327,,63,10,,,0
3019,'1346504',947,,64,23,,,0
3019,'1346505',1107,,65,23,,,0
3019,'1346508',1447,,67,10,,,0
3019,'1346510',1707,,68,23,,,0
3019,'1346512',1207,,70,10,,,0
3019,'1346514',747,,71,23,,,0
3019,'1346518',1227,,72,23,,,0
3019,'1346524',947,,73,23,,,0
3019,'1346530',1347,,74,23,,,0
3019,'1346537',1727,,75,10,,,0
3019,'1346539',1147,,76,23,,,0
3019,'1346543',1247,,77,10,,,0
3019,'1346546',1147,,78,23,,,0
3019,'1346551',1507,,79,23,,,0
3019,'1346553',1227,,80,23,,,0
3019,'1346557',1427,,81,23,,,0
3019,'1346559',947,,82,23,,,0
3019,'1346562',807,,83,10,,,0
3019,'1346563',1307,,84,23,,,0
3019,'1346564',1547,,85,23,,,0
3019,'1346565',907,,86,23,,,0
3019,'1346576',1627,,88,23,,,0
3019,'1346577',1027,,89,23,,,0
3019,'1346586',1227,,90,23,,,0
3019,'1346588',1307,,91,23,,,0
3019,'1346599',827,,92,23,,,0
3019,'1346602',1647,,93,10,,,0
3019,'1346606',847,,94,10,,,0
3019,'1346614',1547,,95,23,,,0
3019,'1346625',1707,,96,23,,,0
3019,'1346634',1407,,97,10,,,0
3019,'1346635',1427,,98,23,,,0
3019,'1346637',1307,,99,23,,,0
3019,'1346643',1427,,101,23,,,0
3019,'1346645',1047,,102,10,,,0
3019,'1346646',1527,,103,10,,,0
3019,'1346650',1547,,105,23,,,0
3019,'1346652',1107,,106,23,,,0
3019,'1346657',1347,,107,23,,,0
3019,'1346661',1627,,108,23,,,0
3019,'1346670',1007,,109,10,,,0
3019,'1346675',927,,110,10,,,0
3019,'1346683',1107,,112,23,,,0
3019,'1346684',1707,,113,23,,,0
3019,'1346687',1127,,114,10,,,0
3019,'1346692',1627,,115,23,,,0
3019,'1346694',1507,,116,23,,,0
