1019,'1346483',934,,1,22,,,0
1019,'1346492',1734,,2,22,,,0
1019,'1346493',1234,,3,22,,,0
1019,'1346501',1134,,4,22,,,0
1019,'1346506',1334,,5,22,,,0
1019,'1346513',1734,,6,22,,,0
1019,'1346541',1434,,7,22,,,0
1019,'1346556',1034,,8,22,,,0
1019,'1346558',1534,,9,22,,,0
1019,'1346570',734,,10,22,,,0
1019,'1346574',1334,,11,22,,,0
1019,'1346575',1534,,12,22,,,0
1019,'1346581',1234,,13,22,,,0
1019,'1346583',1534,,14,22,,,0
1019,'1346592',1134,,15,22,,,0
1019,'1346593',1634,,16,22,,,0
1019,'1346601',1734,,17,22,,,0
1019,'1346609',1634,,18,22,,,0
1019,'1346616',1234,,19,22,,,0
1019,'1346618',1334,,20,22,,,0
1019,'1346619',934,,21,22,,,0
1019,'1346622',1634,,22,22,,,0
1019,'1346626',1434,,23,22,,,0
1019,'1346633',834,,24,22,,,0
1019,'1346647',1134,,25,22,,,0
1019,'1346658',1034,,26,22,,,0
1019,'1346668',1034,,27,22,,,0
1019,'1346680',1434,,28,22,,,0
1019,'1346681',934,,29,22,,,0
