5019,'1346482',1153,,143,6,,,0
5019,'1346494',1553,,144,6,,,0
5019,'1346502',1053,,145,6,,,0
5019,'1346528',1353,,146,6,,,0
5019,'1346532',1453,,147,6,,,0
5019,'1346535',953,,148,6,,,0
5019,'1346542',1053,,149,6,,,0
5019,'1346544',1453,,150,6,,,0
5019,'1346547',753,,151,6,,,0
5019,'1346548',1653,,152,6,,,0
5019,'1346552',1353,,153,6,,,0
5019,'1346560',1653,,154,6,,,0
5019,'1346566',953,,155,6,,,0
5019,'1346578',1253,,156,6,,,0
5019,'1346579',1053,,157,6,,,0
5019,'1346582',1553,,158,6,,,0
5019,'1346587',1653,,159,6,,,0
5019,'1346594',1253,,160,6,,,0
5019,'1346603',1153,,161,6,,,0
5019,'1346608',1453,,162,6,,,0
5019,'1346613',853,,163,6,,,0
5019,'1346627',1153,,164,6,,,0
5019,'1346630',1553,,165,6,,,0
5019,'1346641',1353,,166,6,,,0
5019,'1346659',1253,,167,6,,,0
5019,'1346686',953,,168,6,,,0
