2019,'1346481',1325,,30,10,,,0
2019,'1346486',1725,,31,10,,,0
2019,'1346498',1125,,32,10,,,0
2019,'1346500',1125,,33,10,,,0
2019,'1346522',925,,34,10,,,0
2019,'1346525',825,,35,10,,,0
2019,'1346536',725,,36,10,,,0
2019,'1346540',1025,,37,10,,,0
2019,'1346554',1525,,38,10,,,0
2019,'1346572',1325,,39,10,,,0
2019,'1346584',1625,,40,10,,,0
2019,'1346585',925,,41,10,,,0
2019,'1346589',1225,,42,10,,,0
2019,'1346595',1125,,43,10,,,0
2019,'1346607',1525,,44,10,,,0
2019,'1346615',1225,,45,10,,,0
2019,'1346620',1425,,46,10,,,0
2019,'1346623',1425,,47,10,,,0
2019,'1346628',1025,,48,10,,,0
2019,'1346632',1625,,49,10,,,0
2019,'1346651',1325,,50,10,,,0
2019,'1346656',1725,,51,10,,,0
2019,'1346660',1525,,52,10,,,0
2019,'1346662',1025,,53,10,,,0
2019,'1346671',1725,,54,10,,,0
2019,'1346672',1425,,55,10,,,0
2019,'1346674',1625,,56,10,,,0
2019,'1346682',1225,,57,10,,,0
2019,'1346688',925,,58,10,,,0
