4019,'1346487',1351,,117,7,,,0
4019,'1346489',1251,,118,7,,,0
4019,'1346503',1551,,119,7,,,0
4019,'1346517',1551,,120,7,,,0
4019,'1346520',1251,,121,7,,,0
4019,'1346521',1151,,122,7,,,0
4019,'1346523',1651,,123,7,,,0
4019,'1346526',951,,124,7,,,0
4019,'1346527',1651,,125,7,,,0
4019,'1346533',1351,,126,7,,,0
4019,'1346538',1051,,127,7,,,0
4019,'1346545',751,,128,7,,,0
4019,'1346549',1551,,129,7,,,0
4019,'1346550',1151,,130,7,,,0
4019,'1346568',1251,,131,7,,,0
4019,'1346597',1451,,132,7,,,0
4019,'1346600',1051,,133,7,,,0
4019,'1346604',851,,134,7,,,0
4019,'1346605',1451,,135,7,,,0
4019,'1346624',951,,136,7,,,0
4019,'1346644',951,,137,7,,,0
4019,'1346655',1451,,138,7,,,0
4019,'1346673',1151,,139,7,,,0
4019,'1346676',1051,,140,7,,,0
4019,'1346685',1351,,141,7,,,0
4019,'1346691',1651,,142,7,,,0
