4019,'1346487',1404,,117,17,,,0
4019,'1346489',1304,,118,17,,,0
4019,'1346503',1604,,119,17,,,0
4019,'1346517',1604,,120,17,,,0
4019,'1346520',1304,,121,17,,,0
4019,'1346521',1204,,122,17,,,0
4019,'1346523',1704,,123,17,,,0
4019,'1346526',1004,,124,17,,,0
4019,'1346527',1704,,125,17,,,0
4019,'1346533',1404,,126,17,,,0
4019,'1346538',1104,,127,17,,,0
4019,'1346545',804,,128,17,,,0
4019,'1346549',1604,,129,17,,,0
4019,'1346550',1204,,130,17,,,0
4019,'1346568',1304,,131,17,,,0
4019,'1346597',1504,,132,17,,,0
4019,'1346600',1104,,133,17,,,0
4019,'1346604',904,,134,17,,,0
4019,'1346605',1504,,135,17,,,0
4019,'1346624',1004,,136,17,,,0
4019,'1346644',1004,,137,17,,,0
4019,'1346655',1504,,138,17,,,0
4019,'1346673',1204,,139,17,,,0
4019,'1346676',1104,,140,17,,,0
4019,'1346685',1404,,141,17,,,0
4019,'1346691',1704,,142,17,,,0
