4019,'1346487',1403,,117,15,,,0
4019,'1346489',1303,,118,15,,,0
4019,'1346503',1603,,119,15,,,0
4019,'1346517',1603,,120,15,,,0
4019,'1346520',1303,,121,15,,,0
4019,'1346521',1203,,122,15,,,0
4019,'1346523',1703,,123,15,,,0
4019,'1346526',1003,,124,15,,,0
4019,'1346527',1703,,125,15,,,0
4019,'1346533',1403,,126,15,,,0
4019,'1346538',1103,,127,15,,,0
4019,'1346545',803,,128,15,,,0
4019,'1346549',1603,,129,15,,,0
4019,'1346550',1203,,130,15,,,0
4019,'1346568',1303,,131,15,,,0
4019,'1346597',1503,,132,15,,,0
4019,'1346600',1103,,133,15,,,0
4019,'1346604',903,,134,15,,,0
4019,'1346605',1503,,135,15,,,0
4019,'1346624',1003,,136,15,,,0
4019,'1346644',1003,,137,15,,,0
4019,'1346655',1503,,138,15,,,0
4019,'1346673',1203,,139,15,,,0
4019,'1346676',1103,,140,15,,,0
4019,'1346685',1403,,141,15,,,0
4019,'1346691',1703,,142,15,,,0
