4019,'1346487',1404,,117,16,,,0
4019,'1346489',1304,,118,16,,,0
4019,'1346503',1604,,119,16,,,0
4019,'1346517',1604,,120,16,,,0
4019,'1346520',1304,,121,16,,,0
4019,'1346521',1204,,122,16,,,0
4019,'1346523',1704,,123,16,,,0
4019,'1346526',1004,,124,16,,,0
4019,'1346527',1704,,125,16,,,0
4019,'1346533',1404,,126,16,,,0
4019,'1346538',1104,,127,16,,,0
4019,'1346545',804,,128,16,,,0
4019,'1346549',1604,,129,16,,,0
4019,'1346550',1204,,130,16,,,0
4019,'1346568',1304,,131,16,,,0
4019,'1346597',1504,,132,16,,,0
4019,'1346600',1104,,133,16,,,0
4019,'1346604',904,,134,16,,,0
4019,'1346605',1504,,135,16,,,0
4019,'1346624',1004,,136,16,,,0
4019,'1346644',1004,,137,16,,,0
4019,'1346655',1504,,138,16,,,0
4019,'1346673',1204,,139,16,,,0
4019,'1346676',1104,,140,16,,,0
4019,'1346685',1404,,141,16,,,0
4019,'1346691',1704,,142,16,,,0
