4019,'1346487',1353,,117,8,,,0
4019,'1346489',1253,,118,8,,,0
4019,'1346503',1553,,119,8,,,0
4019,'1346517',1553,,120,8,,,0
4019,'1346520',1253,,121,8,,,0
4019,'1346521',1153,,122,8,,,0
4019,'1346523',1653,,123,8,,,0
4019,'1346526',953,,124,8,,,0
4019,'1346527',1653,,125,8,,,0
4019,'1346533',1353,,126,8,,,0
4019,'1346538',1053,,127,8,,,0
4019,'1346545',753,,128,8,,,0
4019,'1346549',1553,,129,8,,,0
4019,'1346550',1153,,130,8,,,0
4019,'1346568',1253,,131,8,,,0
4019,'1346597',1453,,132,8,,,0
4019,'1346600',1053,,133,8,,,0
4019,'1346604',853,,134,8,,,0
4019,'1346605',1453,,135,8,,,0
4019,'1346624',953,,136,8,,,0
4019,'1346644',953,,137,8,,,0
4019,'1346655',1453,,138,8,,,0
4019,'1346673',1153,,139,8,,,0
4019,'1346676',1053,,140,8,,,0
4019,'1346685',1353,,141,8,,,0
4019,'1346691',1653,,142,8,,,0
