4019,'1346487',1408,,117,23,,,0
4019,'1346489',1308,,118,23,,,0
4019,'1346503',1608,,119,23,,,0
4019,'1346517',1608,,120,23,,,0
4019,'1346520',1308,,121,23,,,0
4019,'1346521',1208,,122,23,,,0
4019,'1346523',1708,,123,23,,,0
4019,'1346526',1008,,124,23,,,0
4019,'1346527',1708,,125,23,,,0
4019,'1346533',1408,,126,23,,,0
4019,'1346538',1108,,127,23,,,0
4019,'1346545',808,,128,23,,,0
4019,'1346549',1608,,129,23,,,0
4019,'1346550',1208,,130,23,,,0
4019,'1346568',1308,,131,23,,,0
4019,'1346597',1508,,132,23,,,0
4019,'1346600',1108,,133,23,,,0
4019,'1346604',908,,134,23,,,0
4019,'1346605',1508,,135,23,,,0
4019,'1346624',1008,,136,23,,,0
4019,'1346644',1008,,137,23,,,0
4019,'1346655',1508,,138,23,,,0
4019,'1346673',1208,,139,23,,,0
4019,'1346676',1108,,140,23,,,0
4019,'1346685',1408,,141,23,,,0
4019,'1346691',1708,,142,23,,,0
