1019,'1346483',922,,1,8,,,0
1019,'1346492',1722,,2,8,,,0
1019,'1346493',1222,,3,8,,,0
1019,'1346501',1122,,4,8,,,0
1019,'1346506',1322,,5,8,,,0
1019,'1346513',1722,,6,8,,,0
1019,'1346541',1422,,7,8,,,0
1019,'1346556',1022,,8,8,,,0
1019,'1346558',1522,,9,8,,,0
1019,'1346570',722,,10,8,,,0
1019,'1346574',1322,,11,8,,,0
1019,'1346575',1522,,12,8,,,0
1019,'1346581',1222,,13,8,,,0
1019,'1346583',1522,,14,8,,,0
1019,'1346592',1122,,15,8,,,0
1019,'1346593',1622,,16,8,,,0
1019,'1346601',1722,,17,8,,,0
1019,'1346609',1622,,18,8,,,0
1019,'1346616',1222,,19,8,,,0
1019,'1346618',1322,,20,8,,,0
1019,'1346619',922,,21,8,,,0
1019,'1346622',1622,,22,8,,,0
1019,'1346626',1422,,23,8,,,0
1019,'1346633',822,,24,8,,,0
1019,'1346647',1122,,25,8,,,0
1019,'1346658',1022,,26,8,,,0
1019,'1346668',1022,,27,8,,,0
1019,'1346680',1422,,28,8,,,0
1019,'1346681',922,,29,8,,,0
