3019,'1346485',1602,,59,4,0,5 6,0
3019,'1346488',1342,,60,17,0,5 6,0
3019,'1346490',1502,,61,17,0,5 6,0
3019,'1346495',1142,,62,17,0,5 6,0
3019,'1346496',1322,,63,4,0,5 6,0
3019,'1346504',942,,64,17,0,5 6,0
3019,'1346505',1102,,65,17,0,5 6,0
3019,'1346507',1742,,66,17,4,,0
3019,'1346508',1442,,67,4,0,5 6,0
3019,'1346510',1702,,68,17,0,5 6,0
3019,'1346512',1202,,70,4,0,5 6,0
3019,'1346514',742,,71,17,0,5 6,0
3019,'1346518',1222,,72,17,0,5 6,0
3019,'1346524',942,,73,17,0,5 6,0
3019,'1346530',1342,,74,17,0,5 6,0
3019,'1346537',1722,,75,4,0,5 6,0
3019,'1346539',1142,,76,17,0,5 6,0
3019,'1346543',1242,,77,4,0,5 6,0
3019,'1346546',1142,,78,17,0,5 6,0
3019,'1346551',1502,,79,17,0,5 6,0
3019,'1346553',1222,,80,17,0,5 6,0
3019,'1346557',1422,,81,17,0,5 6,0
3019,'1346559',942,,82,17,0,5 6,0
3019,'1346562',802,,83,4,0,5 6,0
3019,'1346563',1302,,84,17,0,5 6,0
3019,'1346564',1542,,85,17,0,5 6,0
3019,'1346565',902,,86,17,0,5 6,0
3019,'1346567',1742,,87,17,4,,0
3019,'1346576',1622,,88,17,0,5 6,0
3019,'1346577',1022,,89,17,0,5 6,0
3019,'1346586',1222,,90,17,0,5 6,0
3019,'1346588',1302,,91,17,0,5 6,0
3019,'1346599',822,,92,17,0,5 6,0
3019,'1346602',1642,,93,4,0,5 6,0
3019,'1346606',842,,94,4,0,5 6,0
3019,'1346614',1542,,95,17,0,5 6,0
3019,'1346625',1702,,96,17,0,5 6,0
3019,'1346634',1402,,97,4,0,5 6,0
3019,'1346635',1422,,98,17,0,5 6,0
3019,'1346637',1302,,99,17,0,5 6,0
3019,'1346639',1022,,100,17,0,5 6,0
3019,'1346643',1422,,101,17,0,5 6,0
3019,'1346645',1042,,102,4,0,5 6,0
3019,'1346646',1522,,103,4,0,5 6,0
3019,'1346648',1022,,104,17,0,5 6,0
3019,'1346650',1542,,105,17,0,5 6,0
3019,'1346652',1102,,106,17,0,5 6,0
3019,'1346657',1342,,107,17,0,5 6,0
3019,'1346661',1622,,108,17,0,5 6,0
3019,'1346670',1002,,109,4,0,5 6,0
3019,'1346675',922,,110,4,0,5 6,0
3019,'1346679',1742,,111,17,4,,0
3019,'1346683',1102,,112,17,0,5 6,0
3019,'1346684',1702,,113,17,0,5 6,0
3019,'1346687',1122,,114,4,0,5 6,0
3019,'1346692',1622,,115,17,0,5 6,0
3019,'1346694',1502,,116,17,0,5 6,0
