2019,'1346481',1333,,30,16,,,0
2019,'1346486',1733,,31,16,,,0
2019,'1346498',1133,,32,16,,,0
2019,'1346500',1133,,33,16,,,0
2019,'1346522',933,,34,16,,,0
2019,'1346525',833,,35,16,,,0
2019,'1346536',733,,36,16,,,0
2019,'1346540',1033,,37,16,,,0
2019,'1346554',1533,,38,16,,,0
2019,'1346572',1333,,39,16,,,0
2019,'1346584',1633,,40,16,,,0
2019,'1346585',933,,41,16,,,0
2019,'1346589',1233,,42,16,,,0
2019,'1346595',1133,,43,16,,,0
2019,'1346607',1533,,44,16,,,0
2019,'1346615',1233,,45,16,,,0
2019,'1346620',1433,,46,16,,,0
2019,'1346623',1433,,47,16,,,0
2019,'1346628',1033,,48,16,,,0
2019,'1346632',1633,,49,16,,,0
2019,'1346651',1333,,50,16,,,0
2019,'1346656',1733,,51,16,,,0
2019,'1346660',1533,,52,16,,,0
2019,'1346662',1033,,53,16,,,0
2019,'1346671',1733,,54,16,,,0
2019,'1346672',1433,,55,16,,,0
2019,'1346674',1633,,56,16,,,0
2019,'1346682',1233,,57,16,,,0
2019,'1346688',933,,58,16,,,0
