3019,'1346485',1612,,59,15,,,0
3019,'1346488',1352,,60,28,,,0
3019,'1346490',1512,,61,28,,,0
3019,'1346495',1152,,62,28,,,0
3019,'1346496',1332,,63,15,,,0
3019,'1346504',952,,64,28,,,0
3019,'1346505',1112,,65,28,,,0
3019,'1346508',1452,,67,15,,,0
3019,'1346510',1712,,68,28,,,0
3019,'1346511',732,,69,5,,,0
3019,'1346512',1212,,70,15,,,0
3019,'1346514',752,,71,28,,,0
3019,'1346518',1232,,72,28,,,0
3019,'1346524',952,,73,28,,,0
3019,'1346530',1352,,74,28,,,0
3019,'1346537',1732,,75,15,,,0
3019,'1346539',1152,,76,28,,,0
3019,'1346543',1252,,77,15,,,0
3019,'1346546',1152,,78,28,,,0
3019,'1346551',1512,,79,28,,,0
3019,'1346553',1232,,80,28,,,0
3019,'1346557',1432,,81,28,,,0
3019,'1346559',952,,82,28,,,0
3019,'1346562',812,,83,15,,,0
3019,'1346563',1312,,84,28,,,0
3019,'1346564',1552,,85,28,,,0
3019,'1346565',912,,86,28,,,0
3019,'1346576',1632,,88,28,,,0
3019,'1346577',1032,,89,28,,,0
3019,'1346586',1232,,90,28,,,0
3019,'1346588',1312,,91,28,,,0
3019,'1346599',832,,92,28,,,0
3019,'1346602',1652,,93,15,,,0
3019,'1346606',852,,94,15,,,0
3019,'1346614',1552,,95,28,,,0
3019,'1346625',1712,,96,28,,,0
3019,'1346634',1412,,97,15,,,0
3019,'1346635',1432,,98,28,,,0
3019,'1346637',1312,,99,28,,,0
3019,'1346639',1032,,100,28,,,0
3019,'1346643',1432,,101,28,,,0
3019,'1346645',1052,,102,15,,,0
3019,'1346646',1532,,103,15,,,0
3019,'1346648',1032,,104,28,,,0
3019,'1346650',1552,,105,28,,,0
3019,'1346652',1112,,106,28,,,0
3019,'1346657',1352,,107,28,,,0
3019,'1346661',1632,,108,28,,,0
3019,'1346670',1012,,109,15,,,0
3019,'1346675',932,,110,15,,,0
3019,'1346683',1112,,112,28,,,0
3019,'1346684',1712,,113,28,,,0
3019,'1346687',1132,,114,15,,,0
3019,'1346692',1632,,115,28,,,0
3019,'1346694',1512,,116,28,,,0
