1019,'1346483',926,,1,13,,,0
1019,'1346492',1726,,2,13,,,0
1019,'1346493',1226,,3,13,,,0
1019,'1346501',1126,,4,13,,,0
1019,'1346506',1326,,5,13,,,0
1019,'1346513',1726,,6,13,,,0
1019,'1346541',1426,,7,13,,,0
1019,'1346556',1026,,8,13,,,0
1019,'1346558',1526,,9,13,,,0
1019,'1346570',726,,10,13,,,0
1019,'1346574',1326,,11,13,,,0
1019,'1346575',1526,,12,13,,,0
1019,'1346581',1226,,13,13,,,0
1019,'1346583',1526,,14,13,,,0
1019,'1346592',1126,,15,13,,,0
1019,'1346593',1626,,16,13,,,0
1019,'1346601',1726,,17,13,,,0
1019,'1346609',1626,,18,13,,,0
1019,'1346616',1226,,19,13,,,0
1019,'1346618',1326,,20,13,,,0
1019,'1346619',926,,21,13,,,0
1019,'1346622',1626,,22,13,,,0
1019,'1346626',1426,,23,13,,,0
1019,'1346633',826,,24,13,,,0
1019,'1346647',1126,,25,13,,,0
1019,'1346658',1026,,26,13,,,0
1019,'1346668',1026,,27,13,,,0
1019,'1346680',1426,,28,13,,,0
1019,'1346681',926,,29,13,,,0
