2019,'1346481',1340,,30,24,,,0
2019,'1346486',1740,,31,24,,,0
2019,'1346498',1140,,32,24,,,0
2019,'1346500',1140,,33,24,,,0
2019,'1346522',940,,34,24,,,0
2019,'1346525',840,,35,24,,,0
2019,'1346536',740,,36,24,,,0
2019,'1346540',1040,,37,24,,,0
2019,'1346554',1540,,38,24,,,0
2019,'1346572',1340,,39,24,,,0
2019,'1346584',1640,,40,24,,,0
2019,'1346585',940,,41,24,,,0
2019,'1346589',1240,,42,24,,,0
2019,'1346595',1140,,43,24,,,0
2019,'1346607',1540,,44,24,,,0
2019,'1346615',1240,,45,24,,,0
2019,'1346620',1440,,46,24,,,0
2019,'1346623',1440,,47,24,,,0
2019,'1346628',1040,,48,24,,,0
2019,'1346632',1640,,49,24,,,0
2019,'1346651',1340,,50,24,,,0
2019,'1346656',1740,,51,24,,,0
2019,'1346660',1540,,52,24,,,0
2019,'1346662',1040,,53,24,,,0
2019,'1346671',1740,,54,24,,,0
2019,'1346672',1440,,55,24,,,0
2019,'1346674',1640,,56,24,,,0
2019,'1346682',1240,,57,24,,,0
2019,'1346688',940,,58,24,,,0
