3019,'1346485',1611,,59,14,,,0
3019,'1346488',1351,,60,27,,,0
3019,'1346490',1511,,61,27,,,0
3019,'1346495',1151,,62,27,,,0
3019,'1346496',1331,,63,14,,,0
3019,'1346504',951,,64,27,,,0
3019,'1346505',1111,,65,27,,,0
3019,'1346508',1451,,67,14,,,0
3019,'1346510',1711,,68,27,,,0
3019,'1346511',731,,69,4,,,0
3019,'1346512',1211,,70,14,,,0
3019,'1346514',751,,71,27,,,0
3019,'1346518',1231,,72,27,,,0
3019,'1346524',951,,73,27,,,0
3019,'1346530',1351,,74,27,,,0
3019,'1346537',1731,,75,14,,,0
3019,'1346539',1151,,76,27,,,0
3019,'1346543',1251,,77,14,,,0
3019,'1346546',1151,,78,27,,,0
3019,'1346551',1511,,79,27,,,0
3019,'1346553',1231,,80,27,,,0
3019,'1346557',1431,,81,27,,,0
3019,'1346559',951,,82,27,,,0
3019,'1346562',811,,83,14,,,0
3019,'1346563',1311,,84,27,,,0
3019,'1346564',1551,,85,27,,,0
3019,'1346565',911,,86,27,,,0
3019,'1346576',1631,,88,27,,,0
3019,'1346577',1031,,89,27,,,0
3019,'1346586',1231,,90,27,,,0
3019,'1346588',1311,,91,27,,,0
3019,'1346599',831,,92,27,,,0
3019,'1346602',1651,,93,14,,,0
3019,'1346606',851,,94,14,,,0
3019,'1346614',1551,,95,27,,,0
3019,'1346625',1711,,96,27,,,0
3019,'1346634',1411,,97,14,,,0
3019,'1346635',1431,,98,27,,,0
3019,'1346637',1311,,99,27,,,0
3019,'1346639',1031,,100,27,,,0
3019,'1346643',1431,,101,27,,,0
3019,'1346645',1051,,102,14,,,0
3019,'1346646',1531,,103,14,,,0
3019,'1346648',1031,,104,27,,,0
3019,'1346650',1551,,105,27,,,0
3019,'1346652',1111,,106,27,,,0
3019,'1346657',1351,,107,27,,,0
3019,'1346661',1631,,108,27,,,0
3019,'1346670',1011,,109,14,,,0
3019,'1346675',931,,110,14,,,0
3019,'1346683',1111,,112,27,,,0
3019,'1346684',1711,,113,27,,,0
3019,'1346687',1131,,114,14,,,0
3019,'1346692',1631,,115,27,,,0
3019,'1346694',1511,,116,27,,,0
