1019,'1346483',915,,1,1,,,0,30,,1,29,4,,0
1019,'1346492',1715,,2,1,,,0,30,,2,29,4,,0
1019,'1346493',1215,,3,1,,,0,30,,3,29,4,,0
1019,'1346501',1115,,4,1,,,0,30,,4,29,4,,0
1019,'1346506',1315,,5,1,,,0,30,,5,29,4,,0
1019,'1346513',1715,,6,1,,,0,30,,6,29,4,,0
1019,'1346541',1415,,7,1,,,0,30,,7,29,4,,0
1019,'1346556',1015,,8,1,,,0,30,,8,29,4,,0
1019,'1346558',1515,,9,1,,,0,30,,9,29,4,,0
1019,'1346570',715,,10,1,,,0,29,,10,29,4,,0
1019,'1346574',1315,,11,1,,,0,30,,11,29,4,,0
1019,'1346575',1515,,12,1,,,0,30,,12,29,4,,0
1019,'1346581',1215,,13,1,,,0,30,,13,29,4,,0
1019,'1346583',1515,,14,1,,,0,30,,14,29,4,,0
1019,'1346592',1115,,15,1,,,0,30,,15,29,4,,0
1019,'1346593',1615,,16,1,,,0,30,,16,29,4,,0
1019,'1346601',1715,,17,1,,,0,30,,17,29,4,,0
1019,'1346609',1615,,18,1,,,0,30,,18,29,4,,0
1019,'1346616',1215,,19,1,,,0,30,,19,29,4,,0
1019,'1346618',1315,,20,1,,,0,30,,20,29,4,,0
1019,'1346619',915,,21,1,,,0,30,,21,29,4,,0
1019,'1346622',1615,,22,1,,,0,30,,22,29,4,,0
1019,'1346626',1415,,23,1,,,0,30,,23,29,4,,0
1019,'1346633',815,,24,1,,,0,30,,24,29,4,,0
1019,'1346647',1115,,25,1,,,0,30,,25,29,4,,0
1019,'1346658',1015,,26,1,,,0,30,,26,29,4,,0
1019,'1346668',1015,,27,1,,,0,30,,27,29,4,,0
1019,'1346680',1415,,28,1,,,0,30,,28,29,4,,0
1019,'1346681',915,,29,1,,,0,30,,29,29,4,,0
2019,'1346481',1315,,30,1,,,0,27,,30,26,4,,0
2019,'1346486',1715,,31,1,,,0,27,,31,26,4,,0
2019,'1346498',1115,,32,1,,,0,27,,32,26,4,,0
2019,'1346500',1115,,33,1,,,0,27,,33,26,4,,0
2019,'1346522',915,,34,1,,,0,27,,34,26,4,,0
2019,'1346525',815,,35,1,,,0,27,,35,26,4,,0
2019,'1346536',715,,36,1,,,0,27,,36,26,4,,0
2019,'1346540',1015,,37,1,,,0,27,,37,26,4,,0
2019,'1346554',1515,,38,1,,,0,27,,38,26,4,,0
2019,'1346572',1315,,39,1,,,0,27,,39,26,4,,0
2019,'1346584',1615,,40,1,,,0,27,,40,26,4,,0
2019,'1346585',915,,41,1,,,0,27,,41,26,4,,0
2019,'1346589',1215,,42,1,,,0,27,,42,26,4,,0
2019,'1346595',1115,,43,1,,,0,27,,43,26,4,,0
2019,'1346607',1515,,44,1,,,0,27,,44,26,4,,0
2019,'1346615',1215,,45,1,,,0,27,,45,26,4,,0
2019,'1346620',1415,,46,1,,,0,27,,46,26,4,,0
2019,'1346623',1415,,47,1,,,0,27,,47,26,4,,0
2019,'1346628',1015,,48,1,,,0,27,,48,26,4,,0
2019,'1346632',1615,,49,1,,,0,27,,49,26,4,,0
2019,'1346651',1315,,50,1,,,0,27,,50,26,4,,0
2019,'1346656',1715,,51,1,,,0,27,,51,26,4,,0
2019,'1346660',1515,,52,1,,,0,27,,52,26,4,,0
2019,'1346662',1015,,53,1,,,0,27,,53,26,4,,0
2019,'1346671',1715,,54,1,,,0,27,,54,26,4,,0
2019,'1346672',1415,,55,1,,,0,27,,55,26,4,,0
2019,'1346674',1615,,56,1,,,0,27,,56,26,4,,0
2019,'1346682',1215,,57,1,,,0,27,,57,26,4,,0
2019,'1346688',915,,58,1,,,0,27,,58,26,4,,0
3019,'1346485',1555,,59,1,0,5 6,0,63,,59,18,,,0,17,,59,31,4,,0
3019,'1346488',1315,,60,1,,,0,20,,60,14,0,5 6,0,20,,60,31,4,,0
3019,'1346490',1435,,61,1,,,0,20,,61,14,0,5 6,0,60,,61,31,4,,0
3019,'1346495',1115,,62,1,,,0,20,,62,14,0,5 6,0,20,,62,31,4,,0
3019,'1346496',1315,,63,1,0,5 6,0,23,,63,18,,,0,17,,63,31,4,,0
3019,'1346504',915,,64,1,,,0,20,,64,14,0,5 6,0,20,,64,31,4,,0
3019,'1346505',1035,,65,1,,,0,20,,65,14,0,5 6,0,60,,65,31,4,,0
3019,'1346507',1715,,66,1,,,0,20,,66,14,0,5 6,0
3019,'1346508',1435,,67,1,0,5 6,0,23,,67,18,,,0,57,,67,31,4,,0
3019,'1346510',1635,,68,1,,,0,20,,68,14,0,5 6,0,60,,68,31,4,,0
3019,'1346511',738,,69,8,,,0,17,,69,21,4,,0
3019,'1346512',1155,,70,1,0,5 6,0,63,,70,18,,,0,17,,70,31,4,,0
3019,'1346514',715,,71,1,,,0,20,,71,14,0,5 6,0,20,,71,31,4,,0
3019,'1346518',1155,,72,1,,,0,60,,72,14,0,5 6,0,20,,72,31,4,,0
3019,'1346524',915,,73,1,,,0,20,,73,14,0,5 6,0,20,,73,31,4,,0
3019,'1346530',1315,,74,1,,,0,20,,74,14,0,5 6,0,20,,74,31,4,,0
3019,'1346537',1715,,75,1,0,5 6,0,23,,75,18,,,0
3019,'1346539',1115,,76,1,,,0,20,,76,14,0,5 6,0,20,,76,31,4,,0
3019,'1346543',1235,,77,1,0,5 6,0,23,,77,18,,,0,57,,77,31,4,,0
3019,'1346546',1115,,78,1,,,0,20,,78,14,0,5 6,0,20,,78,31,4,,0
3019,'1346551',1435,,79,1,,,0,20,,79,14,0,5 6,0,60,,79,31,4,,0
3019,'1346553',1155,,80,1,,,0,60,,80,14,0,5 6,0,20,,80,31,4,,0
3019,'1346557',1355,,81,1,,,0,60,,81,14,0,5 6,0,20,,81,31,4,,0
3019,'1346559',915,,82,1,,,0,20,,82,14,0,5 6,0,20,,82,31,4,,0
3019,'1346562',755,,83,1,0,5 6,0,63,,83,18,,,0,17,,83,31,4,,0
3019,'1346563',1235,,84,1,,,0,20,,84,14,0,5 6,0,60,,84,31,4,,0
3019,'1346564',1515,,85,1,,,0,20,,85,14,0,5 6,0,20,,85,31,4,,0
3019,'1346565',835,,86,1,,,0,20,,86,14,0,5 6,0,60,,86,31,4,,0
3019,'1346567',1715,,87,1,,,0,20,,87,14,0,5 6,0
3019,'1346576',1555,,88,1,,,0,60,,88,14,0,5 6,0,20,,88,31,4,,0
3019,'1346577',955,,89,1,,,0,60,,89,14,0,5 6,0,20,,89,31,4,,0
3019,'1346586',1155,,90,1,,,0,60,,90,14,0,5 6,0,20,,90,31,4,,0
3019,'1346588',1235,,91,1,,,0,20,,91,14,0,5 6,0,60,,91,31,4,,0
3019,'1346599',755,,92,1,,,0,60,,92,14,0,5 6,0,20,,92,31,4,,0
3019,'1346602',1635,,93,1,0,5 6,0,23,,93,18,,,0,57,,93,31,4,,0
3019,'1346606',835,,94,1,0,5 6,0,23,,94,18,,,0,57,,94,31,4,,0
3019,'1346614',1515,,95,1,,,0,20,,95,14,0,5 6,0,20,,95,31,4,,0
3019,'1346625',1635,,96,1,,,0,20,,96,14,0,5 6,0,60,,96,31,4,,0
3019,'1346634',1355,,97,1,0,5 6,0,63,,97,18,,,0,17,,97,31,4,,0
3019,'1346635',1355,,98,1,,,0,60,,98,14,0,5 6,0,20,,98,31,4,,0
3019,'1346637',1235,,99,1,,,0,20,,99,14,0,5 6,0,60,,99,31,4,,0
3019,'1346639',955,,100,1,,,0,60,,100,14,0,5 6,0,20,,100,31,4,,0
3019,'1346643',1355,,101,1,,,0,60,,101,14,0,5 6,0,20,,101,31,4,,0
3019,'1346645',1035,,102,1,0,5 6,0,23,,102,18,,,0,57,,102,31,4,,0
3019,'1346646',1515,,103,1,0,5 6,0,23,,103,18,,,0,17,,103,31,4,,0
3019,'1346648',955,,104,1,,,0,60,,104,14,0,5 6,0,20,,104,31,4,,0
3019,'1346650',1515,,105,1,,,0,20,,105,14,0,5 6,0,20,,105,31,4,,0
3019,'1346652',1035,,106,1,,,0,20,,106,14,0,5 6,0,60,,106,31,4,,0
3019,'1346657',1315,,107,1,,,0,20,,107,14,0,5 6,0,20,,107,31,4,,0
3019,'1346661',1555,,108,1,,,0,60,,108,14,0,5 6,0,20,,108,31,4,,0
3019,'1346670',955,,109,1,0,5 6,0,63,,109,18,,,0,17,,109,31,4,,0
3019,'1346675',915,,110,1,0,5 6,0,23,,110,18,,,0,17,,110,31,4,,0
3019,'1346679',1715,,111,1,,,0,20,,111,14,0,5 6,0
3019,'1346683',1035,,112,1,,,0,20,,112,14,0,5 6,0,60,,112,31,4,,0
3019,'1346684',1635,,113,1,,,0,20,,113,14,0,5 6,0,60,,113,31,4,,0
3019,'1346687',1115,,114,1,0,5 6,0,23,,114,18,,,0,17,,114,31,4,,0
3019,'1346692',1555,,115,1,,,0,60,,115,14,0,5 6,0,20,,115,31,4,,0
3019,'1346694',1435,,116,1,,,0,20,,116,14,0,5 6,0,60,,116,31,4,,0
4019,'1346487',1345,,117,1,,,0,68,,117,28,4,,0
4019,'1346489',1245,,118,1,,,0,68,,118,28,4,,0
4019,'1346503',1545,,119,1,,,0,68,,119,28,4,,0
4019,'1346517',1545,,120,1,,,0,68,,120,28,4,,0
4019,'1346520',1245,,121,1,,,0,68,,121,28,4,,0
4019,'1346521',1145,,122,1,,,0,68,,122,28,4,,0
4019,'1346523',1645,,123,1,,,0,68,,123,28,4,,0
4019,'1346526',945,,124,1,,,0,68,,124,28,4,,0
4019,'1346527',1645,,125,1,,,0,68,,125,28,4,,0
4019,'1346533',1345,,126,1,,,0,68,,126,28,4,,0
4019,'1346538',1045,,127,1,,,0,68,,127,28,4,,0
4019,'1346545',745,,128,1,,,0,68,,128,28,4,,0
4019,'1346549',1545,,129,1,,,0,68,,129,28,4,,0
4019,'1346550',1145,,130,1,,,0,68,,130,28,4,,0
4019,'1346568',1245,,131,1,,,0,68,,131,28,4,,0
4019,'1346597',1445,,132,1,,,0,68,,132,28,4,,0
4019,'1346600',1045,,133,1,,,0,68,,133,28,4,,0
4019,'1346604',845,,134,1,,,0,68,,134,28,4,,0
4019,'1346605',1445,,135,1,,,0,68,,135,28,4,,0
4019,'1346624',945,,136,1,,,0,68,,136,28,4,,0
4019,'1346644',945,,137,1,,,0,68,,137,28,4,,0
4019,'1346655',1445,,138,1,,,0,68,,138,28,4,,0
4019,'1346673',1145,,139,1,,,0,68,,139,28,4,,0
4019,'1346676',1045,,140,1,,,0,68,,140,28,4,,0
4019,'1346685',1345,,141,1,,,0,68,,141,28,4,,0
4019,'1346691',1645,,142,1,,,0,68,,142,28,4,,0
5019,'1346482',1145,,143,1,,,0,70,,143,28,4,,0
5019,'1346494',1545,,144,1,,,0,70,,144,28,4,,0
5019,'1346502',1045,,145,1,,,0,70,,145,28,4,,0
5019,'1346528',1345,,146,1,,,0,70,,146,28,4,,0
5019,'1346532',1445,,147,1,,,0,70,,147,28,4,,0
5019,'1346535',945,,148,1,,,0,70,,148,28,4,,0
5019,'1346542',1045,,149,1,,,0,70,,149,28,4,,0
5019,'1346544',1445,,150,1,,,0,70,,150,28,4,,0
5019,'1346547',745,,151,1,,,0,70,,151,28,4,,0
5019,'1346548',1645,,152,1,,,0,70,,152,28,4,,0
5019,'1346552',1345,,153,1,,,0,70,,153,28,4,,0
5019,'1346560',1645,,154,1,,,0,70,,154,28,4,,0
5019,'1346566',945,,155,1,,,0,70,,155,28,4,,0
5019,'1346578',1245,,156,1,,,0,70,,156,28,4,,0
5019,'1346579',1045,,157,1,,,0,70,,157,28,4,,0
5019,'1346582',1545,,158,1,,,0,70,,158,28,4,,0
5019,'1346587',1645,,159,1,,,0,70,,159,28,4,,0
5019,'1346594',1245,,160,1,,,0,70,,160,28,4,,0
5019,'1346603',1145,,161,1,,,0,70,,161,28,4,,0
5019,'1346608',1445,,162,1,,,0,70,,162,28,4,,0
5019,'1346613',845,,163,1,,,0,70,,163,28,4,,0
5019,'1346627',1145,,164,1,,,0,70,,164,28,4,,0
5019,'1346630',1545,,165,1,,,0,70,,165,28,4,,0
5019,'1346641',1345,,166,1,,,0,70,,166,28,4,,0
5019,'1346659',1245,,167,1,,,0,70,,167,28,4,,0
5019,'1346686',945,,168,1,,,0,70,,168,28,4,,0
