3019,'1346485',1559,,59,3,0,5 6,0
3019,'1346488',1339,,60,16,0,5 6,0
3019,'1346490',1459,,61,16,0,5 6,0
3019,'1346495',1139,,62,16,0,5 6,0
3019,'1346496',1319,,63,3,0,5 6,0
3019,'1346504',939,,64,16,0,5 6,0
3019,'1346505',1059,,65,16,0,5 6,0
3019,'1346507',1739,,66,16,0,5 6,0
3019,'1346508',1439,,67,3,0,5 6,0
3019,'1346510',1659,,68,16,0,5 6,0
3019,'1346512',1159,,70,3,0,5 6,0
3019,'1346514',739,,71,16,0,5 6,0
3019,'1346518',1219,,72,16,0,5 6,0
3019,'1346524',939,,73,16,0,5 6,0
3019,'1346530',1339,,74,16,0,5 6,0
3019,'1346537',1719,,75,3,0,5 6,0
3019,'1346539',1139,,76,16,0,5 6,0
3019,'1346543',1239,,77,3,0,5 6,0
3019,'1346546',1139,,78,16,0,5 6,0
3019,'1346551',1459,,79,16,0,5 6,0
3019,'1346553',1219,,80,16,0,5 6,0
3019,'1346557',1419,,81,16,0,5 6,0
3019,'1346559',939,,82,16,0,5 6,0
3019,'1346562',759,,83,3,0,5 6,0
3019,'1346563',1259,,84,16,0,5 6,0
3019,'1346564',1539,,85,16,0,5 6,0
3019,'1346565',859,,86,16,0,5 6,0
3019,'1346567',1739,,87,16,0,5 6,0
3019,'1346576',1619,,88,16,0,5 6,0
3019,'1346577',1019,,89,16,0,5 6,0
3019,'1346586',1219,,90,16,0,5 6,0
3019,'1346588',1259,,91,16,0,5 6,0
3019,'1346599',819,,92,16,0,5 6,0
3019,'1346602',1639,,93,3,0,5 6,0
3019,'1346606',839,,94,3,0,5 6,0
3019,'1346614',1539,,95,16,0,5 6,0
3019,'1346625',1659,,96,16,0,5 6,0
3019,'1346634',1359,,97,3,0,5 6,0
3019,'1346635',1419,,98,16,0,5 6,0
3019,'1346637',1259,,99,16,0,5 6,0
3019,'1346639',1019,,100,16,0,5 6,0
3019,'1346643',1419,,101,16,0,5 6,0
3019,'1346645',1039,,102,3,0,5 6,0
3019,'1346646',1519,,103,3,0,5 6,0
3019,'1346648',1019,,104,16,0,5 6,0
3019,'1346650',1539,,105,16,0,5 6,0
3019,'1346652',1059,,106,16,0,5 6,0
3019,'1346657',1339,,107,16,0,5 6,0
3019,'1346661',1619,,108,16,0,5 6,0
3019,'1346670',959,,109,3,0,5 6,0
3019,'1346675',919,,110,3,0,5 6,0
3019,'1346679',1739,,111,16,0,5 6,0
3019,'1346683',1059,,112,16,0,5 6,0
3019,'1346684',1659,,113,16,0,5 6,0
3019,'1346687',1119,,114,3,0,5 6,0
3019,'1346692',1619,,115,16,0,5 6,0
3019,'1346694',1459,,116,16,0,5 6,0
