4019,'1346487',1400,,117,12,,,0
4019,'1346489',1300,,118,12,,,0
4019,'1346503',1600,,119,12,,,0
4019,'1346517',1600,,120,12,,,0
4019,'1346520',1300,,121,12,,,0
4019,'1346521',1200,,122,12,,,0
4019,'1346523',1700,,123,12,,,0
4019,'1346526',1000,,124,12,,,0
4019,'1346527',1700,,125,12,,,0
4019,'1346533',1400,,126,12,,,0
4019,'1346538',1100,,127,12,,,0
4019,'1346545',800,,128,12,,,0
4019,'1346549',1600,,129,12,,,0
4019,'1346550',1200,,130,12,,,0
4019,'1346568',1300,,131,12,,,0
4019,'1346597',1500,,132,12,,,0
4019,'1346600',1100,,133,12,,,0
4019,'1346604',900,,134,12,,,0
4019,'1346605',1500,,135,12,,,0
4019,'1346624',1000,,136,12,,,0
4019,'1346644',1000,,137,12,,,0
4019,'1346655',1500,,138,12,,,0
4019,'1346673',1200,,139,12,,,0
4019,'1346676',1100,,140,12,,,0
4019,'1346685',1400,,141,12,,,0
4019,'1346691',1700,,142,12,,,0
