2019,'1346481',1329,,30,13,,,0
2019,'1346486',1729,,31,13,,,0
2019,'1346498',1129,,32,13,,,0
2019,'1346500',1129,,33,13,,,0
2019,'1346522',929,,34,13,,,0
2019,'1346525',829,,35,13,,,0
2019,'1346536',729,,36,13,,,0
2019,'1346540',1029,,37,13,,,0
2019,'1346554',1529,,38,13,,,0
2019,'1346572',1329,,39,13,,,0
2019,'1346584',1629,,40,13,,,0
2019,'1346585',929,,41,13,,,0
2019,'1346589',1229,,42,13,,,0
2019,'1346595',1129,,43,13,,,0
2019,'1346607',1529,,44,13,,,0
2019,'1346615',1229,,45,13,,,0
2019,'1346620',1429,,46,13,,,0
2019,'1346623',1429,,47,13,,,0
2019,'1346628',1029,,48,13,,,0
2019,'1346632',1629,,49,13,,,0
2019,'1346651',1329,,50,13,,,0
2019,'1346656',1729,,51,13,,,0
2019,'1346660',1529,,52,13,,,0
2019,'1346662',1029,,53,13,,,0
2019,'1346671',1729,,54,13,,,0
2019,'1346672',1429,,55,13,,,0
2019,'1346674',1629,,56,13,,,0
2019,'1346682',1229,,57,13,,,0
2019,'1346688',929,,58,13,,,0
5019,'1346482',1203,,143,14,,,0
5019,'1346494',1603,,144,14,,,0
5019,'1346502',1103,,145,14,,,0
5019,'1346528',1403,,146,14,,,0
5019,'1346532',1503,,147,14,,,0
5019,'1346535',1003,,148,14,,,0
5019,'1346542',1103,,149,14,,,0
5019,'1346544',1503,,150,14,,,0
5019,'1346547',803,,151,14,,,0
5019,'1346548',1703,,152,14,,,0
5019,'1346552',1403,,153,14,,,0
5019,'1346560',1703,,154,14,,,0
5019,'1346566',1003,,155,14,,,0
5019,'1346578',1303,,156,14,,,0
5019,'1346579',1103,,157,14,,,0
5019,'1346582',1603,,158,14,,,0
5019,'1346587',1703,,159,14,,,0
5019,'1346594',1303,,160,14,,,0
5019,'1346603',1203,,161,14,,,0
5019,'1346608',1503,,162,14,,,0
5019,'1346613',903,,163,14,,,0
5019,'1346627',1203,,164,14,,,0
5019,'1346630',1603,,165,14,,,0
5019,'1346641',1403,,166,14,,,0
5019,'1346659',1303,,167,14,,,0
5019,'1346686',1003,,168,14,,,0
