2019,'1346481',1317,,30,3,,,0
2019,'1346486',1717,,31,3,,,0
2019,'1346498',1117,,32,3,,,0
2019,'1346500',1117,,33,3,,,0
2019,'1346522',917,,34,3,,,0
2019,'1346525',817,,35,3,,,0
2019,'1346536',717,,36,3,,,0
2019,'1346540',1017,,37,3,,,0
2019,'1346554',1517,,38,3,,,0
2019,'1346572',1317,,39,3,,,0
2019,'1346584',1617,,40,3,,,0
2019,'1346585',917,,41,3,,,0
2019,'1346589',1217,,42,3,,,0
2019,'1346595',1117,,43,3,,,0
2019,'1346607',1517,,44,3,,,0
2019,'1346615',1217,,45,3,,,0
2019,'1346620',1417,,46,3,,,0
2019,'1346623',1417,,47,3,,,0
2019,'1346628',1017,,48,3,,,0
2019,'1346632',1617,,49,3,,,0
2019,'1346651',1317,,50,3,,,0
2019,'1346656',1717,,51,3,,,0
2019,'1346660',1517,,52,3,,,0
2019,'1346662',1017,,53,3,,,0
2019,'1346671',1717,,54,3,,,0
2019,'1346672',1417,,55,3,,,0
2019,'1346674',1617,,56,3,,,0
2019,'1346682',1217,,57,3,,,0
2019,'1346688',917,,58,3,,,0
