3019,'1346485',1632,,59,26,0,5 6,0
3019,'1346488',1329,,60,9,0,5 6,0
3019,'1346490',1449,,61,9,0,5 6,0
3019,'1346495',1129,,62,9,0,5 6,0
3019,'1346496',1352,,63,26,0,5 6,0
3019,'1346504',929,,64,9,0,5 6,0
3019,'1346505',1049,,65,9,0,5 6,0
3019,'1346507',1729,,66,9,0,5 6,0
3019,'1346508',1512,,67,26,0,5 6,0
3019,'1346510',1649,,68,9,0,5 6,0
3019,'1346511',752,,69,16,0,5 6,0
3019,'1346512',1232,,70,26,0,5 6,0
3019,'1346514',729,,71,9,0,5 6,0
3019,'1346518',1209,,72,9,0,5 6,0
3019,'1346524',929,,73,9,0,5 6,0
3019,'1346530',1329,,74,9,0,5 6,0
3019,'1346539',1129,,76,9,0,5 6,0
3019,'1346543',1312,,77,26,0,5 6,0
3019,'1346546',1129,,78,9,0,5 6,0
3019,'1346551',1449,,79,9,0,5 6,0
3019,'1346553',1209,,80,9,0,5 6,0
3019,'1346557',1409,,81,9,0,5 6,0
3019,'1346559',929,,82,9,0,5 6,0
3019,'1346562',832,,83,26,0,5 6,0
3019,'1346563',1249,,84,9,0,5 6,0
3019,'1346564',1529,,85,9,0,5 6,0
3019,'1346565',849,,86,9,0,5 6,0
3019,'1346567',1729,,87,9,0,5 6,0
3019,'1346576',1609,,88,9,0,5 6,0
3019,'1346577',1009,,89,9,0,5 6,0
3019,'1346586',1209,,90,9,0,5 6,0
3019,'1346588',1249,,91,9,0,5 6,0
3019,'1346599',809,,92,9,0,5 6,0
3019,'1346602',1712,,93,26,0,5 6,0
3019,'1346606',912,,94,26,0,5 6,0
3019,'1346614',1529,,95,9,0,5 6,0
3019,'1346625',1649,,96,9,0,5 6,0
3019,'1346634',1432,,97,26,0,5 6,0
3019,'1346635',1409,,98,9,0,5 6,0
3019,'1346637',1249,,99,9,0,5 6,0
3019,'1346639',1009,,100,9,0,5 6,0
3019,'1346643',1409,,101,9,0,5 6,0
3019,'1346645',1112,,102,26,0,5 6,0
3019,'1346646',1552,,103,26,0,5 6,0
3019,'1346648',1009,,104,9,0,5 6,0
3019,'1346650',1529,,105,9,0,5 6,0
3019,'1346652',1049,,106,9,0,5 6,0
3019,'1346657',1329,,107,9,0,5 6,0
3019,'1346661',1609,,108,9,0,5 6,0
3019,'1346670',1032,,109,26,0,5 6,0
3019,'1346675',952,,110,26,0,5 6,0
3019,'1346679',1729,,111,9,0,5 6,0
3019,'1346683',1049,,112,9,0,5 6,0
3019,'1346684',1649,,113,9,0,5 6,0
3019,'1346687',1152,,114,26,0,5 6,0
3019,'1346692',1609,,115,9,0,5 6,0
3019,'1346694',1449,,116,9,0,5 6,0
