2019,'1346481',1324,,30,9,,,0
2019,'1346486',1724,,31,9,,,0
2019,'1346498',1124,,32,9,,,0
2019,'1346500',1124,,33,9,,,0
2019,'1346522',924,,34,9,,,0
2019,'1346525',824,,35,9,,,0
2019,'1346536',724,,36,9,,,0
2019,'1346540',1024,,37,9,,,0
2019,'1346554',1524,,38,9,,,0
2019,'1346572',1324,,39,9,,,0
2019,'1346584',1624,,40,9,,,0
2019,'1346585',924,,41,9,,,0
2019,'1346589',1224,,42,9,,,0
2019,'1346595',1124,,43,9,,,0
2019,'1346607',1524,,44,9,,,0
2019,'1346615',1224,,45,9,,,0
2019,'1346620',1424,,46,9,,,0
2019,'1346623',1424,,47,9,,,0
2019,'1346628',1024,,48,9,,,0
2019,'1346632',1624,,49,9,,,0
2019,'1346651',1324,,50,9,,,0
2019,'1346656',1724,,51,9,,,0
2019,'1346660',1524,,52,9,,,0
2019,'1346662',1024,,53,9,,,0
2019,'1346671',1724,,54,9,,,0
2019,'1346672',1424,,55,9,,,0
2019,'1346674',1624,,56,9,,,0
2019,'1346682',1224,,57,9,,,0
2019,'1346688',924,,58,9,,,0
