2019,'1346481',1322,,30,7,,,0
2019,'1346486',1722,,31,7,,,0
2019,'1346498',1122,,32,7,,,0
2019,'1346500',1122,,33,7,,,0
2019,'1346522',922,,34,7,,,0
2019,'1346525',822,,35,7,,,0
2019,'1346536',722,,36,7,,,0
2019,'1346540',1022,,37,7,,,0
2019,'1346554',1522,,38,7,,,0
2019,'1346572',1322,,39,7,,,0
2019,'1346584',1622,,40,7,,,0
2019,'1346585',922,,41,7,,,0
2019,'1346589',1222,,42,7,,,0
2019,'1346595',1122,,43,7,,,0
2019,'1346607',1522,,44,7,,,0
2019,'1346615',1222,,45,7,,,0
2019,'1346620',1422,,46,7,,,0
2019,'1346623',1422,,47,7,,,0
2019,'1346628',1022,,48,7,,,0
2019,'1346632',1622,,49,7,,,0
2019,'1346651',1322,,50,7,,,0
2019,'1346656',1722,,51,7,,,0
2019,'1346660',1522,,52,7,,,0
2019,'1346662',1022,,53,7,,,0
2019,'1346671',1722,,54,7,,,0
2019,'1346672',1422,,55,7,,,0
2019,'1346674',1622,,56,7,,,0
2019,'1346682',1222,,57,7,,,0
2019,'1346688',922,,58,7,,,0
