5019,'1346482',1209,,143,20,,,0
5019,'1346494',1609,,144,20,,,0
5019,'1346502',1109,,145,20,,,0
5019,'1346528',1409,,146,20,,,0
5019,'1346532',1509,,147,20,,,0
5019,'1346535',1009,,148,20,,,0
5019,'1346542',1109,,149,20,,,0
5019,'1346544',1509,,150,20,,,0
5019,'1346547',809,,151,20,,,0
5019,'1346548',1709,,152,20,,,0
5019,'1346552',1409,,153,20,,,0
5019,'1346560',1709,,154,20,,,0
5019,'1346566',1009,,155,20,,,0
5019,'1346578',1309,,156,20,,,0
5019,'1346579',1109,,157,20,,,0
5019,'1346582',1609,,158,20,,,0
5019,'1346587',1709,,159,20,,,0
5019,'1346594',1309,,160,20,,,0
5019,'1346603',1209,,161,20,,,0
5019,'1346608',1509,,162,20,,,0
5019,'1346613',909,,163,20,,,0
5019,'1346627',1209,,164,20,,,0
5019,'1346630',1609,,165,20,,,0
5019,'1346641',1409,,166,20,,,0
5019,'1346659',1309,,167,20,,,0
5019,'1346686',1009,,168,20,,,0
