3019,'1346485',1609,,59,12,,,0
3019,'1346488',1349,,60,25,,,0
3019,'1346490',1509,,61,25,,,0
3019,'1346495',1149,,62,25,,,0
3019,'1346496',1329,,63,12,,,0
3019,'1346504',949,,64,25,,,0
3019,'1346505',1109,,65,25,,,0
3019,'1346508',1449,,67,12,,,0
3019,'1346510',1709,,68,25,,,0
3019,'1346511',720,,69,2,,,0
3019,'1346512',1209,,70,12,,,0
3019,'1346514',749,,71,25,,,0
3019,'1346518',1229,,72,25,,,0
3019,'1346524',949,,73,25,,,0
3019,'1346530',1349,,74,25,,,0
3019,'1346537',1729,,75,12,,,0
3019,'1346539',1149,,76,25,,,0
3019,'1346543',1249,,77,12,,,0
3019,'1346546',1149,,78,25,,,0
3019,'1346551',1509,,79,25,,,0
3019,'1346553',1229,,80,25,,,0
3019,'1346557',1430,,81,26,,,0
3019,'1346559',949,,82,25,,,0
3019,'1346562',809,,83,12,,,0
3019,'1346563',1309,,84,25,,,0
3019,'1346564',1549,,85,25,,,0
3019,'1346565',909,,86,25,,,0
3019,'1346576',1629,,88,25,,,0
3019,'1346577',1029,,89,25,,,0
3019,'1346586',1229,,90,25,,,0
3019,'1346588',1309,,91,25,,,0
3019,'1346599',829,,92,25,,,0
3019,'1346602',1649,,93,12,,,0
3019,'1346606',849,,94,12,,,0
3019,'1346614',1549,,95,25,,,0
3019,'1346625',1709,,96,25,,,0
3019,'1346634',1409,,97,12,,,0
3019,'1346635',1430,,98,26,,,0
3019,'1346637',1309,,99,25,,,0
3019,'1346639',1029,,100,25,,,0
3019,'1346643',1429,,101,25,,,0
3019,'1346645',1049,,102,12,,,0
3019,'1346646',1529,,103,12,,,0
3019,'1346648',1029,,104,25,,,0
3019,'1346650',1549,,105,25,,,0
3019,'1346652',1109,,106,25,,,0
3019,'1346657',1349,,107,25,,,0
3019,'1346661',1629,,108,25,,,0
3019,'1346670',1009,,109,12,,,0
3019,'1346675',929,,110,12,,,0
3019,'1346683',1109,,112,25,,,0
3019,'1346684',1709,,113,25,,,0
3019,'1346687',1129,,114,12,,,0
3019,'1346692',1629,,115,25,,,0
3019,'1346694',1509,,116,25,,,0
