5019,'1346482',1211,,143,21,,,0
5019,'1346494',1611,,144,21,,,0
5019,'1346502',1111,,145,21,,,0
5019,'1346528',1411,,146,21,,,0
5019,'1346532',1511,,147,21,,,0
5019,'1346535',1011,,148,21,,,0
5019,'1346542',1111,,149,21,,,0
5019,'1346544',1511,,150,21,,,0
5019,'1346547',811,,151,21,,,0
5019,'1346548',1711,,152,21,,,0
5019,'1346552',1411,,153,21,,,0
5019,'1346560',1711,,154,21,,,0
5019,'1346566',1011,,155,21,,,0
5019,'1346578',1311,,156,21,,,0
5019,'1346579',1111,,157,21,,,0
5019,'1346582',1611,,158,21,,,0
5019,'1346587',1711,,159,21,,,0
5019,'1346594',1311,,160,21,,,0
5019,'1346603',1211,,161,21,,,0
5019,'1346608',1511,,162,21,,,0
5019,'1346613',911,,163,21,,,0
5019,'1346627',1211,,164,21,,,0
5019,'1346630',1611,,165,21,,,0
5019,'1346641',1411,,166,21,,,0
5019,'1346659',1311,,167,21,,,0
5019,'1346686',1011,,168,21,,,0
