1019,'1346483',919,,1,4,,,0
1019,'1346492',1719,,2,4,,,0
1019,'1346493',1219,,3,4,,,0
1019,'1346501',1119,,4,4,,,0
1019,'1346506',1319,,5,4,,,0
1019,'1346513',1719,,6,4,,,0
1019,'1346541',1419,,7,4,,,0
1019,'1346556',1019,,8,4,,,0
1019,'1346558',1519,,9,4,,,0
1019,'1346570',719,,10,4,,,0
1019,'1346574',1319,,11,4,,,0
1019,'1346575',1519,,12,4,,,0
1019,'1346581',1219,,13,4,,,0
1019,'1346583',1519,,14,4,,,0
1019,'1346592',1119,,15,4,,,0
1019,'1346593',1619,,16,4,,,0
1019,'1346601',1719,,17,4,,,0
1019,'1346609',1619,,18,4,,,0
1019,'1346616',1219,,19,4,,,0
1019,'1346618',1319,,20,4,,,0
1019,'1346619',919,,21,4,,,0
1019,'1346622',1619,,22,4,,,0
1019,'1346626',1419,,23,4,,,0
1019,'1346633',819,,24,4,,,0
1019,'1346647',1119,,25,4,,,0
1019,'1346658',1019,,26,4,,,0
1019,'1346668',1019,,27,4,,,0
1019,'1346680',1419,,28,4,,,0
1019,'1346681',919,,29,4,,,0
