5019,'1346482',1207,,143,19,,,0
5019,'1346494',1607,,144,19,,,0
5019,'1346502',1107,,145,19,,,0
5019,'1346528',1407,,146,19,,,0
5019,'1346532',1507,,147,19,,,0
5019,'1346535',1007,,148,19,,,0
5019,'1346542',1107,,149,19,,,0
5019,'1346544',1507,,150,19,,,0
5019,'1346547',807,,151,19,,,0
5019,'1346548',1707,,152,19,,,0
5019,'1346552',1407,,153,19,,,0
5019,'1346560',1707,,154,19,,,0
5019,'1346566',1007,,155,19,,,0
5019,'1346578',1307,,156,19,,,0
5019,'1346579',1107,,157,19,,,0
5019,'1346582',1607,,158,19,,,0
5019,'1346587',1707,,159,19,,,0
5019,'1346594',1307,,160,19,,,0
5019,'1346603',1207,,161,19,,,0
5019,'1346608',1507,,162,19,,,0
5019,'1346613',907,,163,19,,,0
5019,'1346627',1207,,164,19,,,0
5019,'1346630',1607,,165,19,,,0
5019,'1346641',1407,,166,19,,,0
5019,'1346659',1307,,167,19,,,0
5019,'1346686',1007,,168,19,,,0
