1019,'1346483',918,,1,3,,,0
1019,'1346492',1718,,2,3,,,0
1019,'1346493',1218,,3,3,,,0
1019,'1346501',1118,,4,3,,,0
1019,'1346506',1318,,5,3,,,0
1019,'1346513',1718,,6,3,,,0
1019,'1346541',1418,,7,3,,,0
1019,'1346556',1018,,8,3,,,0
1019,'1346558',1518,,9,3,,,0
1019,'1346570',718,,10,3,,,0
1019,'1346574',1318,,11,3,,,0
1019,'1346575',1518,,12,3,,,0
1019,'1346581',1218,,13,3,,,0
1019,'1346583',1518,,14,3,,,0
1019,'1346592',1118,,15,3,,,0
1019,'1346593',1618,,16,3,,,0
1019,'1346601',1718,,17,3,,,0
1019,'1346609',1618,,18,3,,,0
1019,'1346616',1218,,19,3,,,0
1019,'1346618',1318,,20,3,,,0
1019,'1346619',918,,21,3,,,0
1019,'1346622',1618,,22,3,,,0
1019,'1346626',1418,,23,3,,,0
1019,'1346633',818,,24,3,,,0
1019,'1346647',1118,,25,3,,,0
1019,'1346658',1018,,26,3,,,0
1019,'1346668',1018,,27,3,,,0
1019,'1346680',1418,,28,3,,,0
1019,'1346681',918,,29,3,,,0
