2019,'1346481',1337,,30,20,,,0
2019,'1346486',1737,,31,20,,,0
2019,'1346498',1137,,32,20,,,0
2019,'1346500',1137,,33,20,,,0
2019,'1346522',937,,34,20,,,0
2019,'1346525',837,,35,20,,,0
2019,'1346536',737,,36,20,,,0
2019,'1346540',1037,,37,20,,,0
2019,'1346554',1537,,38,20,,,0
2019,'1346572',1337,,39,20,,,0
2019,'1346584',1637,,40,20,,,0
2019,'1346585',937,,41,20,,,0
2019,'1346589',1237,,42,20,,,0
2019,'1346595',1137,,43,20,,,0
2019,'1346607',1537,,44,20,,,0
2019,'1346615',1237,,45,20,,,0
2019,'1346620',1437,,46,20,,,0
2019,'1346623',1437,,47,20,,,0
2019,'1346628',1037,,48,20,,,0
2019,'1346632',1637,,49,20,,,0
2019,'1346651',1337,,50,20,,,0
2019,'1346656',1737,,51,20,,,0
2019,'1346660',1537,,52,20,,,0
2019,'1346662',1037,,53,20,,,0
2019,'1346671',1737,,54,20,,,0
2019,'1346672',1437,,55,20,,,0
2019,'1346674',1637,,56,20,,,0
2019,'1346682',1237,,57,20,,,0
2019,'1346688',937,,58,20,,,0
