4019,'1346487',1347,,117,2,,,0
4019,'1346489',1247,,118,2,,,0
4019,'1346503',1547,,119,2,,,0
4019,'1346517',1547,,120,2,,,0
4019,'1346520',1247,,121,2,,,0
4019,'1346521',1147,,122,2,,,0
4019,'1346523',1647,,123,2,,,0
4019,'1346526',947,,124,2,,,0
4019,'1346527',1647,,125,2,,,0
4019,'1346533',1347,,126,2,,,0
4019,'1346538',1047,,127,2,,,0
4019,'1346545',747,,128,2,,,0
4019,'1346549',1547,,129,2,,,0
4019,'1346550',1147,,130,2,,,0
4019,'1346568',1247,,131,2,,,0
4019,'1346597',1447,,132,2,,,0
4019,'1346600',1047,,133,2,,,0
4019,'1346604',847,,134,2,,,0
4019,'1346605',1447,,135,2,,,0
4019,'1346624',947,,136,2,,,0
4019,'1346644',947,,137,2,,,0
4019,'1346655',1447,,138,2,,,0
4019,'1346673',1147,,139,2,,,0
4019,'1346676',1047,,140,2,,,0
4019,'1346685',1347,,141,2,,,0
4019,'1346691',1647,,142,2,,,0
