1019,100,1,0,0
1019,101,2,0,0
1019,102,3,0,0
1019,103,4,0,0
1019,104,5,0,0
1019,105,6,0,0
1019,106,7,0,0
1019,107,8,0,0
1019,108,9,0,0
1019,109,10,0,0
1019,110,11,0,0
1019,111,12,0,0
1019,112,13,0,0
1019,113,14,0,0
1019,114,15,0,0
1019,115,16,0,0
1019,116,17,0,0
1019,117,18,0,0
1019,118,19,0,0
1019,119,20,0,0
1019,120,21,0,0
1019,121,22,0,0
1019,122,23,0,0
1019,123,24,0,0
1019,124,25,0,0
1019,125,26,0,0
1019,126,27,0,0
1019,127,28,0,0
2019,100,1,0,0
2019,201,2,0,0
2019,202,3,0,0
2019,203,4,0,0
2019,204,5,0,0
2019,205,6,0,0
2019,206,7,0,0
2019,207,8,0,0
2019,208,9,0,0
2019,209,10,0,0
2019,210,11,0,0
2019,211,12,0,0
2019,212,13,0,0
2019,213,14,0,0
2019,214,15,0,0
2019,215,16,0,0
2019,216,17,0,0
2019,217,18,0,0
2019,218,19,0,0
2019,219,20,0,0
2019,220,21,0,0
2019,221,22,0,0
2019,222,23,0,0
2019,223,24,0,0
2019,127,25,0,0
3019,100,1,0,0
3019,313,2,0,0
3019,314,3,0,0
3019,315,4,0,0
3019,316,5,0,0
3019,317,6,0,0
3019,318,7,0,0
3019,319,8,0,0
3019,320,9,0,0
3019,321,10,0,0
3019,322,11,0,0
3019,323,12,0,0
3019,324,13,0,0
3019,301,14,0,0
3019,302,15,0,0
3019,303,16,0,0
3019,325,17,0,0
3019,304,18,0,0
3019,305,19,0,0
3019,326,20,0,0
3019,306,21,0,0
3019,327,22,0,0
3019,307,23,0,0
3019,308,24,0,0
3019,328,25,0,0
3019,309,26,0,0
3019,310,27,0,0
3019,311,28,0,0
3019,127,29,0,0
4019,100,1,0,0
4019,401,2,0,0
4019,402,3,0,0
4019,403,4,0,0
4019,404,5,0,0
4019,217,6,0,0
4019,406,7,0,0
4019,407,8,0,0
4019,408,9,0,0
4019,409,10,0,0
4019,410,11,0,0
4019,411,12,0,0
4019,412,13,0,0
4019,413,14,0,0
4019,414,15,0,0
4019,415,16,0,0
4019,416,17,0,0
4019,417,18,0,0
4019,418,19,0,0
4019,419,20,0,0
4019,207,21,0,0
4019,421,22,0,0
4019,422,23,0,0
4019,426,24,0,0
4019,423,25,0,0
4019,424,26,0,0
4019,127,27,0,0
5019,100,1,0,0
5019,313,2,0,0
5019,314,3,0,0
5019,315,4,0,0
5019,504,5,0,0
5019,505,6,0,0
5019,506,7,0,0
5019,507,8,0,0
5019,508,9,0,0
5019,509,10,0,0
5019,510,11,0,0
5019,511,12,0,0
5019,512,13,0,0
5019,212,14,0,0
5019,514,15,0,0
5019,515,16,0,0
5019,516,17,0,0
5019,517,18,0,0
5019,518,19,0,0
5019,519,20,0,0
5019,520,21,0,0
5019,521,22,0,0
5019,522,23,0,0
5019,321,24,0,0
5019,322,25,0,0
5019,323,26,0,0
5019,324,27,0,0
