5019,'1346482',1203,,143,15,,,0
5019,'1346494',1603,,144,15,,,0
5019,'1346502',1103,,145,15,,,0
5019,'1346528',1403,,146,15,,,0
5019,'1346532',1503,,147,15,,,0
5019,'1346535',1003,,148,15,,,0
5019,'1346542',1103,,149,15,,,0
5019,'1346544',1503,,150,15,,,0
5019,'1346547',803,,151,15,,,0
5019,'1346548',1703,,152,15,,,0
5019,'1346552',1403,,153,15,,,0
5019,'1346560',1703,,154,15,,,0
5019,'1346566',1003,,155,15,,,0
5019,'1346578',1303,,156,15,,,0
5019,'1346579',1103,,157,15,,,0
5019,'1346582',1603,,158,15,,,0
5019,'1346587',1703,,159,15,,,0
5019,'1346594',1303,,160,15,,,0
5019,'1346603',1203,,161,15,,,0
5019,'1346608',1503,,162,15,,,0
5019,'1346613',903,,163,15,,,0
5019,'1346627',1203,,164,15,,,0
5019,'1346630',1603,,165,15,,,0
5019,'1346641',1403,,166,15,,,0
5019,'1346659',1303,,167,15,,,0
5019,'1346686',1003,,168,15,,,0
