2019,'1346481',1320,,30,5,,,0
2019,'1346486',1720,,31,5,,,0
2019,'1346498',1120,,32,5,,,0
2019,'1346500',1120,,33,5,,,0
2019,'1346522',920,,34,5,,,0
2019,'1346525',820,,35,5,,,0
2019,'1346536',720,,36,5,,,0
2019,'1346540',1020,,37,5,,,0
2019,'1346554',1520,,38,5,,,0
2019,'1346572',1320,,39,5,,,0
2019,'1346584',1620,,40,5,,,0
2019,'1346585',920,,41,5,,,0
2019,'1346589',1220,,42,5,,,0
2019,'1346595',1120,,43,5,,,0
2019,'1346607',1520,,44,5,,,0
2019,'1346615',1220,,45,5,,,0
2019,'1346620',1420,,46,5,,,0
2019,'1346623',1420,,47,5,,,0
2019,'1346628',1020,,48,5,,,0
2019,'1346632',1620,,49,5,,,0
2019,'1346651',1320,,50,5,,,0
2019,'1346656',1720,,51,5,,,0
2019,'1346660',1520,,52,5,,,0
2019,'1346662',1020,,53,5,,,0
2019,'1346671',1720,,54,5,,,0
2019,'1346672',1420,,55,5,,,0
2019,'1346674',1620,,56,5,,,0
2019,'1346682',1220,,57,5,,,0
2019,'1346688',920,,58,5,,,0
