3019,'1346485',1622,,59,19,,,0
3019,'1346488',1319,,60,2,,,0
3019,'1346490',1439,,61,2,,,0
3019,'1346495',1119,,62,2,,,0
3019,'1346496',1342,,63,19,,,0
3019,'1346504',919,,64,2,,,0
3019,'1346505',1039,,65,2,,,0
3019,'1346507',1719,,66,2,,,0
3019,'1346508',1502,,67,19,,,0
3019,'1346510',1639,,68,2,,,0
3019,'1346511',742,,69,9,,,0
3019,'1346512',1222,,70,19,,,0
3019,'1346514',719,,71,2,,,0
3019,'1346518',1159,,72,2,,,0
3019,'1346524',919,,73,2,,,0
3019,'1346530',1319,,74,2,,,0
3019,'1346537',1742,,75,19,,,0
3019,'1346539',1119,,76,2,,,0
3019,'1346543',1302,,77,19,,,0
3019,'1346546',1119,,78,2,,,0
3019,'1346551',1439,,79,2,,,0
3019,'1346553',1159,,80,2,,,0
3019,'1346557',1359,,81,2,,,0
3019,'1346559',919,,82,2,,,0
3019,'1346562',822,,83,19,,,0
3019,'1346563',1239,,84,2,,,0
3019,'1346564',1519,,85,2,,,0
3019,'1346565',839,,86,2,,,0
3019,'1346567',1719,,87,2,,,0
3019,'1346576',1559,,88,2,,,0
3019,'1346577',959,,89,2,,,0
3019,'1346586',1159,,90,2,,,0
3019,'1346588',1239,,91,2,,,0
3019,'1346599',759,,92,2,,,0
3019,'1346602',1702,,93,19,,,0
3019,'1346606',902,,94,19,,,0
3019,'1346614',1519,,95,2,,,0
3019,'1346625',1639,,96,2,,,0
3019,'1346634',1422,,97,19,,,0
3019,'1346635',1359,,98,2,,,0
3019,'1346637',1239,,99,2,,,0
3019,'1346639',959,,100,2,,,0
3019,'1346643',1359,,101,2,,,0
3019,'1346645',1102,,102,19,,,0
3019,'1346646',1542,,103,19,,,0
3019,'1346648',959,,104,2,,,0
3019,'1346650',1519,,105,2,,,0
3019,'1346652',1039,,106,2,,,0
3019,'1346657',1319,,107,2,,,0
3019,'1346661',1559,,108,2,,,0
3019,'1346670',1022,,109,19,,,0
3019,'1346675',942,,110,19,,,0
3019,'1346679',1719,,111,2,,,0
3019,'1346683',1039,,112,2,,,0
3019,'1346684',1639,,113,2,,,0
3019,'1346687',1142,,114,19,,,0
3019,'1346692',1559,,115,2,,,0
3019,'1346694',1439,,116,2,,,0
5019,'1346482',1147,,143,2,,,0
5019,'1346494',1547,,144,2,,,0
5019,'1346502',1047,,145,2,,,0
5019,'1346528',1347,,146,2,,,0
5019,'1346532',1447,,147,2,,,0
5019,'1346535',947,,148,2,,,0
5019,'1346542',1047,,149,2,,,0
5019,'1346544',1447,,150,2,,,0
5019,'1346547',747,,151,2,,,0
5019,'1346548',1647,,152,2,,,0
5019,'1346552',1347,,153,2,,,0
5019,'1346560',1647,,154,2,,,0
5019,'1346566',947,,155,2,,,0
5019,'1346578',1247,,156,2,,,0
5019,'1346579',1047,,157,2,,,0
5019,'1346582',1547,,158,2,,,0
5019,'1346587',1647,,159,2,,,0
5019,'1346594',1247,,160,2,,,0
5019,'1346603',1147,,161,2,,,0
5019,'1346608',1447,,162,2,,,0
5019,'1346613',847,,163,2,,,0
5019,'1346627',1147,,164,2,,,0
5019,'1346630',1547,,165,2,,,0
5019,'1346641',1347,,166,2,,,0
5019,'1346659',1247,,167,2,,,0
5019,'1346686',947,,168,2,,,0
