4019,'1346487',1349,,117,5,,,0
4019,'1346489',1249,,118,5,,,0
4019,'1346503',1549,,119,5,,,0
4019,'1346517',1549,,120,5,,,0
4019,'1346520',1249,,121,5,,,0
4019,'1346521',1149,,122,5,,,0
4019,'1346523',1649,,123,5,,,0
4019,'1346526',949,,124,5,,,0
4019,'1346527',1649,,125,5,,,0
4019,'1346533',1349,,126,5,,,0
4019,'1346538',1049,,127,5,,,0
4019,'1346545',749,,128,5,,,0
4019,'1346549',1549,,129,5,,,0
4019,'1346550',1149,,130,5,,,0
4019,'1346568',1249,,131,5,,,0
4019,'1346597',1449,,132,5,,,0
4019,'1346600',1049,,133,5,,,0
4019,'1346604',849,,134,5,,,0
4019,'1346605',1449,,135,5,,,0
4019,'1346624',949,,136,5,,,0
4019,'1346644',949,,137,5,,,0
4019,'1346655',1449,,138,5,,,0
4019,'1346673',1149,,139,5,,,0
4019,'1346676',1049,,140,5,,,0
4019,'1346685',1349,,141,5,,,0
4019,'1346691',1649,,142,5,,,0
