5019,'1346482',1156,,143,9,,,0
5019,'1346494',1556,,144,9,,,0
5019,'1346502',1056,,145,9,,,0
5019,'1346528',1356,,146,9,,,0
5019,'1346532',1456,,147,9,,,0
5019,'1346535',956,,148,9,,,0
5019,'1346542',1056,,149,9,,,0
5019,'1346544',1456,,150,9,,,0
5019,'1346547',756,,151,9,,,0
5019,'1346548',1656,,152,9,,,0
5019,'1346552',1356,,153,9,,,0
5019,'1346560',1656,,154,9,,,0
5019,'1346566',956,,155,9,,,0
5019,'1346578',1256,,156,9,,,0
5019,'1346579',1056,,157,9,,,0
5019,'1346582',1556,,158,9,,,0
5019,'1346587',1656,,159,9,,,0
5019,'1346594',1256,,160,9,,,0
5019,'1346603',1156,,161,9,,,0
5019,'1346608',1456,,162,9,,,0
5019,'1346613',856,,163,9,,,0
5019,'1346627',1156,,164,9,,,0
5019,'1346630',1556,,165,9,,,0
5019,'1346641',1356,,166,9,,,0
5019,'1346659',1256,,167,9,,,0
5019,'1346686',956,,168,9,,,0
