4019,'1346487',1409,,117,25,,,0
4019,'1346489',1309,,118,25,,,0
4019,'1346503',1609,,119,25,,,0
4019,'1346517',1609,,120,25,,,0
4019,'1346520',1309,,121,25,,,0
4019,'1346521',1209,,122,25,,,0
4019,'1346523',1709,,123,25,,,0
4019,'1346526',1009,,124,25,,,0
4019,'1346527',1709,,125,25,,,0
4019,'1346533',1409,,126,25,,,0
4019,'1346538',1109,,127,25,,,0
4019,'1346545',809,,128,25,,,0
4019,'1346549',1609,,129,25,,,0
4019,'1346550',1209,,130,25,,,0
4019,'1346568',1309,,131,25,,,0
4019,'1346597',1509,,132,25,,,0
4019,'1346600',1109,,133,25,,,0
4019,'1346604',909,,134,25,,,0
4019,'1346605',1509,,135,25,,,0
4019,'1346624',1009,,136,25,,,0
4019,'1346644',1009,,137,25,,,0
4019,'1346655',1509,,138,25,,,0
4019,'1346673',1209,,139,25,,,0
4019,'1346676',1109,,140,25,,,0
4019,'1346685',1409,,141,25,,,0
4019,'1346691',1709,,142,25,,,0
