1019,'1346483',930,2,1,14,,,0
1019,'1346492',1730,2,2,14,,,0
1019,'1346493',1230,2,3,14,,,0
1019,'1346501',1130,2,4,14,,,0
1019,'1346506',1330,2,5,14,,,0
1019,'1346513',1730,2,6,14,,,0
1019,'1346541',1430,2,7,14,,,0
1019,'1346556',1030,2,8,14,,,0
1019,'1346558',1530,2,9,14,,,0
1019,'1346570',730,2,10,14,,,0
1019,'1346574',1330,2,11,14,,,0
1019,'1346575',1530,2,12,14,,,0
1019,'1346581',1230,2,13,14,,,0
1019,'1346583',1530,2,14,14,,,0
1019,'1346592',1130,2,15,14,,,0
1019,'1346593',1630,2,16,14,,,0
1019,'1346601',1730,2,17,14,,,0
1019,'1346609',1630,2,18,14,,,0
1019,'1346616',1230,2,19,14,,,0
1019,'1346618',1330,2,20,14,,,0
1019,'1346619',930,2,21,14,,,0
1019,'1346622',1630,2,22,14,,,0
1019,'1346626',1430,2,23,14,,,0
1019,'1346633',830,2,24,14,,,0
1019,'1346647',1130,2,25,14,,,0
1019,'1346658',1030,2,26,14,,,0
1019,'1346668',1030,2,27,14,,,0
1019,'1346680',1430,2,28,14,,,0
1019,'1346681',930,2,29,14,,,0
