3019,'1346485',1557,,59,2,0,5 6,0
3019,'1346488',1337,,60,15,0,5 6,0
3019,'1346490',1457,,61,15,0,5 6,0
3019,'1346495',1137,,62,15,0,5 6,0
3019,'1346496',1317,,63,2,0,5 6,0
3019,'1346504',937,,64,15,0,5 6,0
3019,'1346505',1057,,65,15,0,5 6,0
3019,'1346507',1737,,66,15,0,5 6,0
3019,'1346508',1437,,67,2,0,5 6,0
3019,'1346510',1657,,68,15,0,5 6,0
3019,'1346512',1157,,70,2,0,5 6,0
3019,'1346514',737,,71,15,0,5 6,0
3019,'1346518',1217,,72,15,0,5 6,0
3019,'1346524',937,,73,15,0,5 6,0
3019,'1346530',1337,,74,15,0,5 6,0
3019,'1346537',1717,,75,2,0,5 6,0
3019,'1346539',1137,,76,15,0,5 6,0
3019,'1346543',1237,,77,2,0,5 6,0
3019,'1346546',1137,,78,15,0,5 6,0
3019,'1346551',1457,,79,15,0,5 6,0
3019,'1346553',1217,,80,15,0,5 6,0
3019,'1346557',1417,,81,15,0,5 6,0
3019,'1346559',937,,82,15,0,5 6,0
3019,'1346562',757,,83,2,0,5 6,0
3019,'1346563',1257,,84,15,0,5 6,0
3019,'1346564',1537,,85,15,0,5 6,0
3019,'1346565',857,,86,15,0,5 6,0
3019,'1346567',1737,,87,15,0,5 6,0
3019,'1346576',1617,,88,15,0,5 6,0
3019,'1346577',1017,,89,15,0,5 6,0
3019,'1346586',1217,,90,15,0,5 6,0
3019,'1346588',1257,,91,15,0,5 6,0
3019,'1346599',817,,92,15,0,5 6,0
3019,'1346602',1637,,93,2,0,5 6,0
3019,'1346606',837,,94,2,0,5 6,0
3019,'1346614',1537,,95,15,0,5 6,0
3019,'1346625',1657,,96,15,0,5 6,0
3019,'1346634',1357,,97,2,0,5 6,0
3019,'1346635',1417,,98,15,0,5 6,0
3019,'1346637',1257,,99,15,0,5 6,0
3019,'1346639',1017,,100,15,0,5 6,0
3019,'1346643',1417,,101,15,0,5 6,0
3019,'1346645',1037,,102,2,0,5 6,0
3019,'1346646',1517,,103,2,0,5 6,0
3019,'1346648',1017,,104,15,0,5 6,0
3019,'1346650',1537,,105,15,0,5 6,0
3019,'1346652',1057,,106,15,0,5 6,0
3019,'1346657',1337,,107,15,0,5 6,0
3019,'1346661',1617,,108,15,0,5 6,0
3019,'1346670',957,,109,2,0,5 6,0
3019,'1346675',917,,110,2,0,5 6,0
3019,'1346679',1737,,111,15,0,5 6,0
3019,'1346683',1057,,112,15,0,5 6,0
3019,'1346684',1657,,113,15,0,5 6,0
3019,'1346687',1117,,114,2,0,5 6,0
3019,'1346692',1617,,115,15,0,5 6,0
3019,'1346694',1457,,116,15,0,5 6,0
