2019,'1346481',1338,,30,21,,,0
2019,'1346486',1738,,31,21,,,0
2019,'1346498',1138,,32,21,,,0
2019,'1346500',1138,,33,21,,,0
2019,'1346522',938,,34,21,,,0
2019,'1346525',838,,35,21,,,0
2019,'1346536',738,,36,21,,,0
2019,'1346540',1038,,37,21,,,0
2019,'1346554',1538,,38,21,,,0
2019,'1346572',1338,,39,21,,,0
2019,'1346584',1638,,40,21,,,0
2019,'1346585',938,,41,21,,,0
2019,'1346589',1238,,42,21,,,0
2019,'1346595',1138,,43,21,,,0
2019,'1346607',1538,,44,21,,,0
2019,'1346615',1238,,45,21,,,0
2019,'1346620',1438,,46,21,,,0
2019,'1346623',1438,,47,21,,,0
2019,'1346628',1038,,48,21,,,0
2019,'1346632',1638,,49,21,,,0
2019,'1346651',1338,,50,21,,,0
2019,'1346656',1738,,51,21,,,0
2019,'1346660',1538,,52,21,,,0
2019,'1346662',1038,,53,21,,,0
2019,'1346671',1738,,54,21,,,0
2019,'1346672',1438,,55,21,,,0
2019,'1346674',1638,,56,21,,,0
2019,'1346682',1238,,57,21,,,0
2019,'1346688',938,,58,21,,,0
