5019,'1346482',1200,,143,12,,,0
5019,'1346494',1600,,144,12,,,0
5019,'1346502',1100,,145,12,,,0
5019,'1346528',1400,,146,12,,,0
5019,'1346532',1500,,147,12,,,0
5019,'1346535',1000,,148,12,,,0
5019,'1346542',1100,,149,12,,,0
5019,'1346544',1500,,150,12,,,0
5019,'1346547',800,,151,12,,,0
5019,'1346548',1700,,152,12,,,0
5019,'1346552',1400,,153,12,,,0
5019,'1346560',1700,,154,12,,,0
5019,'1346566',1000,,155,12,,,0
5019,'1346578',1300,,156,12,,,0
5019,'1346579',1100,,157,12,,,0
5019,'1346582',1600,,158,12,,,0
5019,'1346587',1700,,159,12,,,0
5019,'1346594',1300,,160,12,,,0
5019,'1346603',1200,,161,12,,,0
5019,'1346608',1500,,162,12,,,0
5019,'1346613',900,,163,12,,,0
5019,'1346627',1200,,164,12,,,0
5019,'1346630',1600,,165,12,,,0
5019,'1346641',1400,,166,12,,,0
5019,'1346659',1300,,167,12,,,0
5019,'1346686',1000,,168,12,,,0
