4019,'1346487',1406,,117,19,,,0
4019,'1346489',1306,,118,19,,,0
4019,'1346503',1606,,119,19,,,0
4019,'1346517',1606,,120,19,,,0
4019,'1346520',1306,,121,19,,,0
4019,'1346521',1206,,122,19,,,0
4019,'1346523',1706,,123,19,,,0
4019,'1346526',1006,,124,19,,,0
4019,'1346527',1706,,125,19,,,0
4019,'1346533',1406,,126,19,,,0
4019,'1346538',1106,,127,19,,,0
4019,'1346545',806,,128,19,,,0
4019,'1346549',1606,,129,19,,,0
4019,'1346550',1206,,130,19,,,0
4019,'1346568',1306,,131,19,,,0
4019,'1346597',1506,,132,19,,,0
4019,'1346600',1106,,133,19,,,0
4019,'1346604',906,,134,19,,,0
4019,'1346605',1506,,135,19,,,0
4019,'1346624',1006,,136,19,,,0
4019,'1346644',1006,,137,19,,,0
4019,'1346655',1506,,138,19,,,0
4019,'1346673',1206,,139,19,,,0
4019,'1346676',1106,,140,19,,,0
4019,'1346685',1406,,141,19,,,0
4019,'1346691',1706,,142,19,,,0
