4019,'1346487',1357,,117,10,,,0
4019,'1346489',1257,,118,10,,,0
4019,'1346503',1557,,119,10,,,0
4019,'1346517',1557,,120,10,,,0
4019,'1346520',1257,,121,10,,,0
4019,'1346521',1157,,122,10,,,0
4019,'1346523',1657,,123,10,,,0
4019,'1346526',957,,124,10,,,0
4019,'1346527',1657,,125,10,,,0
4019,'1346533',1357,,126,10,,,0
4019,'1346538',1057,,127,10,,,0
4019,'1346545',757,,128,10,,,0
4019,'1346549',1557,,129,10,,,0
4019,'1346550',1157,,130,10,,,0
4019,'1346568',1257,,131,10,,,0
4019,'1346597',1457,,132,10,,,0
4019,'1346600',1057,,133,10,,,0
4019,'1346604',857,,134,10,,,0
4019,'1346605',1457,,135,10,,,0
4019,'1346624',957,,136,10,,,0
4019,'1346644',957,,137,10,,,0
4019,'1346655',1457,,138,10,,,0
4019,'1346673',1157,,139,10,,,0
4019,'1346676',1057,,140,10,,,0
4019,'1346685',1357,,141,10,,,0
4019,'1346691',1657,,142,10,,,0
