2019,'1346481',1319,,30,4,,,0
2019,'1346486',1719,,31,4,,,0
2019,'1346498',1119,,32,4,,,0
2019,'1346500',1119,,33,4,,,0
2019,'1346522',919,,34,4,,,0
2019,'1346525',819,,35,4,,,0
2019,'1346536',719,,36,4,,,0
2019,'1346540',1019,,37,4,,,0
2019,'1346554',1519,,38,4,,,0
2019,'1346572',1319,,39,4,,,0
2019,'1346584',1619,,40,4,,,0
2019,'1346585',919,,41,4,,,0
2019,'1346589',1219,,42,4,,,0
2019,'1346595',1119,,43,4,,,0
2019,'1346607',1519,,44,4,,,0
2019,'1346615',1219,,45,4,,,0
2019,'1346620',1419,,46,4,,,0
2019,'1346623',1419,,47,4,,,0
2019,'1346628',1019,,48,4,,,0
2019,'1346632',1619,,49,4,,,0
2019,'1346651',1319,,50,4,,,0
2019,'1346656',1719,,51,4,,,0
2019,'1346660',1519,,52,4,,,0
2019,'1346662',1019,,53,4,,,0
2019,'1346671',1719,,54,4,,,0
2019,'1346672',1419,,55,4,,,0
2019,'1346674',1619,,56,4,,,0
2019,'1346682',1219,,57,4,,,0
2019,'1346688',919,,58,4,,,0
