2019,'1346481',1330,,30,14,,,0
2019,'1346486',1730,,31,14,,,0
2019,'1346498',1130,,32,14,,,0
2019,'1346500',1130,,33,14,,,0
2019,'1346522',930,,34,14,,,0
2019,'1346525',830,,35,14,,,0
2019,'1346536',730,,36,14,,,0
2019,'1346540',1030,,37,14,,,0
2019,'1346554',1530,,38,14,,,0
2019,'1346572',1330,,39,14,,,0
2019,'1346584',1630,,40,14,,,0
2019,'1346585',930,,41,14,,,0
2019,'1346589',1230,,42,14,,,0
2019,'1346595',1130,,43,14,,,0
2019,'1346607',1530,,44,14,,,0
2019,'1346615',1230,,45,14,,,0
2019,'1346620',1430,,46,14,,,0
2019,'1346623',1430,,47,14,,,0
2019,'1346628',1030,,48,14,,,0
2019,'1346632',1630,,49,14,,,0
2019,'1346651',1330,,50,14,,,0
2019,'1346656',1730,,51,14,,,0
2019,'1346660',1530,,52,14,,,0
2019,'1346662',1030,,53,14,,,0
2019,'1346671',1730,,54,14,,,0
2019,'1346672',1430,,55,14,,,0
2019,'1346674',1630,,56,14,,,0
2019,'1346682',1230,,57,14,,,0
2019,'1346688',930,,58,14,,,0
