3019,'1346485',1604,,59,7,0,5 6,0
3019,'1346488',1344,,60,20,0,5 6,0
3019,'1346490',1504,,61,20,0,5 6,0
3019,'1346495',1144,,62,20,0,5 6,0
3019,'1346496',1324,,63,7,0,5 6,0
3019,'1346504',944,,64,20,0,5 6,0
3019,'1346505',1104,,65,20,0,5 6,0
3019,'1346508',1444,,67,7,0,5 6,0
3019,'1346510',1704,,68,20,0,5 6,0
3019,'1346512',1204,,70,7,0,5 6,0
3019,'1346514',744,,71,20,0,5 6,0
3019,'1346518',1224,,72,20,0,5 6,0
3019,'1346524',944,,73,20,0,5 6,0
3019,'1346530',1344,,74,20,0,5 6,0
3019,'1346537',1724,,75,7,0,5 6,0
3019,'1346539',1144,,76,20,0,5 6,0
3019,'1346543',1244,,77,7,0,5 6,0
3019,'1346546',1144,,78,20,0,5 6,0
3019,'1346551',1504,,79,20,0,5 6,0
3019,'1346553',1224,,80,20,0,5 6,0
3019,'1346557',1424,,81,20,0,5 6,0
3019,'1346559',944,,82,20,0,5 6,0
3019,'1346562',804,,83,7,0,5 6,0
3019,'1346563',1304,,84,20,0,5 6,0
3019,'1346564',1544,,85,20,0,5 6,0
3019,'1346565',904,,86,20,0,5 6,0
3019,'1346576',1624,,88,20,0,5 6,0
3019,'1346577',1024,,89,20,0,5 6,0
3019,'1346586',1224,,90,20,0,5 6,0
3019,'1346588',1304,,91,20,0,5 6,0
3019,'1346599',824,,92,20,0,5 6,0
3019,'1346602',1644,,93,7,0,5 6,0
3019,'1346606',844,,94,7,0,5 6,0
3019,'1346614',1544,,95,20,0,5 6,0
3019,'1346625',1704,,96,20,0,5 6,0
3019,'1346634',1404,,97,7,0,5 6,0
3019,'1346635',1424,,98,20,0,5 6,0
3019,'1346637',1304,,99,20,0,5 6,0
3019,'1346639',1024,,100,20,0,5 6,0
3019,'1346643',1424,,101,20,0,5 6,0
3019,'1346645',1044,,102,7,0,5 6,0
3019,'1346646',1524,,103,7,0,5 6,0
3019,'1346648',1024,,104,20,0,5 6,0
3019,'1346650',1544,,105,20,0,5 6,0
3019,'1346652',1104,,106,20,0,5 6,0
3019,'1346657',1344,,107,20,0,5 6,0
3019,'1346661',1624,,108,20,0,5 6,0
3019,'1346670',1004,,109,7,0,5 6,0
3019,'1346675',924,,110,7,0,5 6,0
3019,'1346683',1104,,112,20,0,5 6,0
3019,'1346684',1704,,113,20,0,5 6,0
3019,'1346687',1124,,114,7,0,5 6,0
3019,'1346692',1624,,115,20,0,5 6,0
3019,'1346694',1504,,116,20,0,5 6,0
