4019,'1346487',1407,,117,22,,,0
4019,'1346489',1307,,118,22,,,0
4019,'1346503',1607,,119,22,,,0
4019,'1346517',1607,,120,22,,,0
4019,'1346520',1307,,121,22,,,0
4019,'1346521',1207,,122,22,,,0
4019,'1346523',1707,,123,22,,,0
4019,'1346526',1007,,124,22,,,0
4019,'1346527',1707,,125,22,,,0
4019,'1346533',1407,,126,22,,,0
4019,'1346538',1107,,127,22,,,0
4019,'1346545',807,,128,22,,,0
4019,'1346549',1607,,129,22,,,0
4019,'1346550',1207,,130,22,,,0
4019,'1346568',1307,,131,22,,,0
4019,'1346597',1507,,132,22,,,0
4019,'1346600',1107,,133,22,,,0
4019,'1346604',907,,134,22,,,0
4019,'1346605',1507,,135,22,,,0
4019,'1346624',1007,,136,22,,,0
4019,'1346644',1007,,137,22,,,0
4019,'1346655',1507,,138,22,,,0
4019,'1346673',1207,,139,22,,,0
4019,'1346676',1107,,140,22,,,0
4019,'1346685',1407,,141,22,,,0
4019,'1346691',1707,,142,22,,,0
