1019,'1346483',932,,1,19,,,0
1019,'1346492',1732,,2,19,,,0
1019,'1346493',1232,,3,19,,,0
1019,'1346501',1132,,4,19,,,0
1019,'1346506',1332,,5,19,,,0
1019,'1346513',1732,,6,19,,,0
1019,'1346541',1432,,7,19,,,0
1019,'1346556',1032,,8,19,,,0
1019,'1346558',1532,,9,19,,,0
1019,'1346570',732,,10,19,,,0
1019,'1346574',1332,,11,19,,,0
1019,'1346575',1532,,12,19,,,0
1019,'1346581',1232,,13,19,,,0
1019,'1346583',1532,,14,19,,,0
1019,'1346592',1132,,15,19,,,0
1019,'1346593',1632,,16,19,,,0
1019,'1346601',1732,,17,19,,,0
1019,'1346609',1632,,18,19,,,0
1019,'1346616',1232,,19,19,,,0
1019,'1346618',1332,,20,19,,,0
1019,'1346619',932,,21,19,,,0
1019,'1346622',1632,,22,19,,,0
1019,'1346626',1432,,23,19,,,0
1019,'1346633',832,,24,19,,,0
1019,'1346647',1132,,25,19,,,0
1019,'1346658',1032,,26,19,,,0
1019,'1346668',1032,,27,19,,,0
1019,'1346680',1432,,28,19,,,0
1019,'1346681',932,,29,19,,,0
