5019,'1346482',1213,,143,23,,,0
5019,'1346494',1613,,144,23,,,0
5019,'1346502',1113,,145,23,,,0
5019,'1346528',1413,,146,23,,,0
5019,'1346532',1513,,147,23,,,0
5019,'1346535',1013,,148,23,,,0
5019,'1346542',1113,,149,23,,,0
5019,'1346544',1513,,150,23,,,0
5019,'1346547',813,,151,23,,,0
5019,'1346548',1713,,152,23,,,0
5019,'1346552',1413,,153,23,,,0
5019,'1346560',1713,,154,23,,,0
5019,'1346566',1013,,155,23,,,0
5019,'1346578',1313,,156,23,,,0
5019,'1346579',1113,,157,23,,,0
5019,'1346582',1613,,158,23,,,0
5019,'1346587',1713,,159,23,,,0
5019,'1346594',1313,,160,23,,,0
5019,'1346603',1213,,161,23,,,0
5019,'1346608',1513,,162,23,,,0
5019,'1346613',913,,163,23,,,0
5019,'1346627',1213,,164,23,,,0
5019,'1346630',1613,,165,23,,,0
5019,'1346641',1413,,166,23,,,0
5019,'1346659',1313,,167,23,,,0
5019,'1346686',1013,,168,23,,,0
