2019,'1346481',1335,,30,18,,,0
2019,'1346486',1735,,31,18,,,0
2019,'1346498',1135,,32,18,,,0
2019,'1346500',1135,,33,18,,,0
2019,'1346522',935,,34,18,,,0
2019,'1346525',835,,35,18,,,0
2019,'1346536',735,,36,18,,,0
2019,'1346540',1035,,37,18,,,0
2019,'1346554',1535,,38,18,,,0
2019,'1346572',1335,,39,18,,,0
2019,'1346584',1635,,40,18,,,0
2019,'1346585',935,,41,18,,,0
2019,'1346589',1235,,42,18,,,0
2019,'1346595',1135,,43,18,,,0
2019,'1346607',1535,,44,18,,,0
2019,'1346615',1235,,45,18,,,0
2019,'1346620',1435,,46,18,,,0
2019,'1346623',1435,,47,18,,,0
2019,'1346628',1035,,48,18,,,0
2019,'1346632',1635,,49,18,,,0
2019,'1346651',1335,,50,18,,,0
2019,'1346656',1735,,51,18,,,0
2019,'1346660',1535,,52,18,,,0
2019,'1346662',1035,,53,18,,,0
2019,'1346671',1735,,54,18,,,0
2019,'1346672',1435,,55,18,,,0
2019,'1346674',1635,,56,18,,,0
2019,'1346682',1235,,57,18,,,0
2019,'1346688',935,,58,18,,,0
4019,'1346487',1350,,117,6,,,0
4019,'1346489',1250,,118,6,,,0
4019,'1346503',1550,,119,6,,,0
4019,'1346517',1550,,120,6,,,0
4019,'1346520',1250,,121,6,,,0
4019,'1346521',1150,,122,6,,,0
4019,'1346523',1650,,123,6,,,0
4019,'1346526',950,,124,6,,,0
4019,'1346527',1650,,125,6,,,0
4019,'1346533',1350,,126,6,,,0
4019,'1346538',1050,,127,6,,,0
4019,'1346545',750,,128,6,,,0
4019,'1346549',1550,,129,6,,,0
4019,'1346550',1150,,130,6,,,0
4019,'1346568',1250,,131,6,,,0
4019,'1346597',1450,,132,6,,,0
4019,'1346600',1050,,133,6,,,0
4019,'1346604',850,,134,6,,,0
4019,'1346605',1450,,135,6,,,0
4019,'1346624',950,,136,6,,,0
4019,'1346644',950,,137,6,,,0
4019,'1346655',1450,,138,6,,,0
4019,'1346673',1150,,139,6,,,0
4019,'1346676',1050,,140,6,,,0
4019,'1346685',1350,,141,6,,,0
4019,'1346691',1650,,142,6,,,0
