5019,'1346482',1158,,143,10,,,0
5019,'1346494',1558,,144,10,,,0
5019,'1346502',1058,,145,10,,,0
5019,'1346528',1358,,146,10,,,0
5019,'1346532',1458,,147,10,,,0
5019,'1346535',958,,148,10,,,0
5019,'1346542',1058,,149,10,,,0
5019,'1346544',1458,,150,10,,,0
5019,'1346547',758,,151,10,,,0
5019,'1346548',1658,,152,10,,,0
5019,'1346552',1358,,153,10,,,0
5019,'1346560',1658,,154,10,,,0
5019,'1346566',958,,155,10,,,0
5019,'1346578',1258,,156,10,,,0
5019,'1346579',1058,,157,10,,,0
5019,'1346582',1558,,158,10,,,0
5019,'1346587',1658,,159,10,,,0
5019,'1346594',1258,,160,10,,,0
5019,'1346603',1158,,161,10,,,0
5019,'1346608',1458,,162,10,,,0
5019,'1346613',858,,163,10,,,0
5019,'1346627',1158,,164,10,,,0
5019,'1346630',1558,,165,10,,,0
5019,'1346641',1358,,166,10,,,0
5019,'1346659',1258,,167,10,,,0
5019,'1346686',958,,168,10,,,0
