4019,'1346487',1347,,117,3,,,0
4019,'1346489',1247,,118,3,,,0
4019,'1346503',1547,,119,3,,,0
4019,'1346517',1547,,120,3,,,0
4019,'1346520',1247,,121,3,,,0
4019,'1346521',1147,,122,3,,,0
4019,'1346523',1647,,123,3,,,0
4019,'1346526',947,,124,3,,,0
4019,'1346527',1647,,125,3,,,0
4019,'1346533',1347,,126,3,,,0
4019,'1346538',1047,,127,3,,,0
4019,'1346545',747,,128,3,,,0
4019,'1346549',1547,,129,3,,,0
4019,'1346550',1147,,130,3,,,0
4019,'1346568',1247,,131,3,,,0
4019,'1346597',1447,,132,3,,,0
4019,'1346600',1047,,133,3,,,0
4019,'1346604',847,,134,3,,,0
4019,'1346605',1447,,135,3,,,0
4019,'1346624',947,,136,3,,,0
4019,'1346644',947,,137,3,,,0
4019,'1346655',1447,,138,3,,,0
4019,'1346673',1147,,139,3,,,0
4019,'1346676',1047,,140,3,,,0
4019,'1346685',1347,,141,3,,,0
4019,'1346691',1647,,142,3,,,0
