4019,'1346487',1408,,117,24,,,0
4019,'1346489',1308,,118,24,,,0
4019,'1346503',1608,,119,24,,,0
4019,'1346517',1608,,120,24,,,0
4019,'1346520',1308,,121,24,,,0
4019,'1346521',1208,,122,24,,,0
4019,'1346523',1708,,123,24,,,0
4019,'1346526',1008,,124,24,,,0
4019,'1346527',1708,,125,24,,,0
4019,'1346533',1408,,126,24,,,0
4019,'1346538',1108,,127,24,,,0
4019,'1346545',808,,128,24,,,0
4019,'1346549',1608,,129,24,,,0
4019,'1346550',1208,,130,24,,,0
4019,'1346568',1308,,131,24,,,0
4019,'1346597',1508,,132,24,,,0
4019,'1346600',1108,,133,24,,,0
4019,'1346604',908,,134,24,,,0
4019,'1346605',1508,,135,24,,,0
4019,'1346624',1008,,136,24,,,0
4019,'1346644',1008,,137,24,,,0
4019,'1346655',1508,,138,24,,,0
4019,'1346673',1208,,139,24,,,0
4019,'1346676',1108,,140,24,,,0
4019,'1346685',1408,,141,24,,,0
4019,'1346691',1708,,142,24,,,0
