3019,'1346485',1610,,59,13,,,0
3019,'1346488',1350,,60,26,,,0
3019,'1346490',1510,,61,26,,,0
3019,'1346495',1150,,62,26,,,0
3019,'1346496',1330,,63,13,,,0
3019,'1346504',950,,64,26,,,0
3019,'1346505',1110,,65,26,,,0
3019,'1346508',1450,,67,13,,,0
3019,'1346510',1710,,68,26,,,0
3019,'1346511',725,,69,3,,,0
3019,'1346512',1210,,70,13,,,0
3019,'1346514',750,,71,26,,,0
3019,'1346518',1230,,72,26,,,0
3019,'1346524',950,,73,26,,,0
3019,'1346530',1350,,74,26,,,0
3019,'1346537',1730,,75,13,,,0
3019,'1346539',1150,,76,26,,,0
3019,'1346543',1250,,77,13,,,0
3019,'1346546',1150,,78,26,,,0
3019,'1346551',1510,,79,26,,,0
3019,'1346553',1230,,80,26,,,0
3019,'1346557',1429,,81,25,,,0
3019,'1346559',950,,82,26,,,0
3019,'1346562',810,,83,13,,,0
3019,'1346563',1310,,84,26,,,0
3019,'1346564',1550,,85,26,,,0
3019,'1346565',910,,86,26,,,0
3019,'1346576',1630,,88,26,,,0
3019,'1346577',1030,,89,26,,,0
3019,'1346586',1230,,90,26,,,0
3019,'1346588',1310,,91,26,,,0
3019,'1346599',830,,92,26,,,0
3019,'1346602',1650,,93,13,,,0
3019,'1346606',850,,94,13,,,0
3019,'1346614',1550,,95,26,,,0
3019,'1346625',1710,,96,26,,,0
3019,'1346634',1410,,97,13,,,0
3019,'1346635',1429,,98,25,,,0
3019,'1346637',1310,,99,26,,,0
3019,'1346639',1027,,100,23,,,0,3,,100,26,,,0
3019,'1346643',1430,,101,26,,,0
3019,'1346645',1050,,102,13,,,0
3019,'1346646',1530,,103,13,,,0
3019,'1346648',1027,,104,23,,,0,3,,104,26,,,0
3019,'1346650',1550,,105,26,,,0
3019,'1346652',1110,,106,26,,,0
3019,'1346657',1350,,107,26,,,0
3019,'1346661',1630,,108,26,,,0
3019,'1346670',1010,,109,13,,,0
3019,'1346675',930,,110,13,,,0
3019,'1346683',1110,,112,26,,,0
3019,'1346684',1710,,113,26,,,0
3019,'1346687',1130,,114,13,,,0
3019,'1346692',1630,,115,26,,,0
3019,'1346694',1510,,116,26,,,0
