1019,'1346483',935,,1,23,,,0
1019,'1346492',1735,,2,23,,,0
1019,'1346493',1235,,3,23,,,0
1019,'1346501',1135,,4,23,,,0
1019,'1346506',1335,,5,23,,,0
1019,'1346513',1735,,6,23,,,0
1019,'1346541',1435,,7,23,,,0
1019,'1346556',1035,,8,23,,,0
1019,'1346558',1535,,9,23,,,0
1019,'1346570',735,,10,23,,,0
1019,'1346574',1335,,11,23,,,0
1019,'1346575',1535,,12,23,,,0
1019,'1346581',1235,,13,23,,,0
1019,'1346583',1535,,14,23,,,0
1019,'1346592',1135,,15,23,,,0
1019,'1346593',1635,,16,23,,,0
1019,'1346601',1735,,17,23,,,0
1019,'1346609',1635,,18,23,,,0
1019,'1346616',1235,,19,23,,,0
1019,'1346618',1335,,20,23,,,0
1019,'1346619',935,,21,23,,,0
1019,'1346622',1635,,22,23,,,0
1019,'1346626',1435,,23,23,,,0
1019,'1346633',835,,24,23,,,0
1019,'1346647',1135,,25,23,,,0
1019,'1346658',1035,,26,23,,,0
1019,'1346668',1035,,27,23,,,0
1019,'1346680',1435,,28,23,,,0
1019,'1346681',935,,29,23,,,0
