4019,'1346487',1410,,117,26,,,0
4019,'1346489',1310,,118,26,,,0
4019,'1346503',1610,,119,26,,,0
4019,'1346517',1610,,120,26,,,0
4019,'1346520',1310,,121,26,,,0
4019,'1346521',1210,,122,26,,,0
4019,'1346523',1710,,123,26,,,0
4019,'1346526',1010,,124,26,,,0
4019,'1346527',1710,,125,26,,,0
4019,'1346533',1410,,126,26,,,0
4019,'1346538',1110,,127,26,,,0
4019,'1346545',810,,128,26,,,0
4019,'1346549',1610,,129,26,,,0
4019,'1346550',1210,,130,26,,,0
4019,'1346568',1310,,131,26,,,0
4019,'1346597',1510,,132,26,,,0
4019,'1346600',1110,,133,26,,,0
4019,'1346604',910,,134,26,,,0
4019,'1346605',1510,,135,26,,,0
4019,'1346624',1010,,136,26,,,0
4019,'1346644',1010,,137,26,,,0
4019,'1346655',1510,,138,26,,,0
4019,'1346673',1210,,139,26,,,0
4019,'1346676',1110,,140,26,,,0
4019,'1346685',1410,,141,26,,,0
4019,'1346691',1710,,142,26,,,0
