5019,'1346482',1201,,143,13,,,0
5019,'1346494',1601,,144,13,,,0
5019,'1346502',1101,,145,13,,,0
5019,'1346528',1401,,146,13,,,0
5019,'1346532',1501,,147,13,,,0
5019,'1346535',1001,,148,13,,,0
5019,'1346542',1101,,149,13,,,0
5019,'1346544',1501,,150,13,,,0
5019,'1346547',801,,151,13,,,0
5019,'1346548',1701,,152,13,,,0
5019,'1346552',1401,,153,13,,,0
5019,'1346560',1701,,154,13,,,0
5019,'1346566',1001,,155,13,,,0
5019,'1346578',1301,,156,13,,,0
5019,'1346579',1101,,157,13,,,0
5019,'1346582',1601,,158,13,,,0
5019,'1346587',1701,,159,13,,,0
5019,'1346594',1301,,160,13,,,0
5019,'1346603',1201,,161,13,,,0
5019,'1346608',1501,,162,13,,,0
5019,'1346613',901,,163,13,,,0
5019,'1346627',1201,,164,13,,,0
5019,'1346630',1601,,165,13,,,0
5019,'1346641',1401,,166,13,,,0
5019,'1346659',1301,,167,13,,,0
5019,'1346686',1001,,168,13,,,0
