3019,'1346485',1628,,59,23,,,0
3019,'1346488',1325,,60,6,,,0
3019,'1346490',1445,,61,6,,,0
3019,'1346495',1125,,62,6,,,0
3019,'1346496',1348,,63,23,,,0
3019,'1346504',925,,64,6,,,0
3019,'1346505',1045,,65,6,,,0
3019,'1346507',1725,,66,6,,,0
3019,'1346508',1508,,67,23,,,0
3019,'1346510',1645,,68,6,,,0
3019,'1346511',748,,69,13,,,0
3019,'1346512',1228,,70,23,,,0
3019,'1346514',725,,71,6,,,0
3019,'1346518',1205,,72,6,,,0
3019,'1346524',925,,73,6,,,0
3019,'1346530',1325,,74,6,,,0
3019,'1346539',1125,,76,6,,,0
3019,'1346543',1308,,77,23,,,0
3019,'1346546',1125,,78,6,,,0
3019,'1346551',1445,,79,6,,,0
3019,'1346553',1205,,80,6,,,0
3019,'1346557',1405,,81,6,,,0
3019,'1346559',925,,82,6,,,0
3019,'1346562',828,,83,23,,,0
3019,'1346563',1245,,84,6,,,0
3019,'1346564',1525,,85,6,,,0
3019,'1346565',845,,86,6,,,0
3019,'1346567',1725,,87,6,,,0
3019,'1346576',1605,,88,6,,,0
3019,'1346577',1005,,89,6,,,0
3019,'1346586',1205,,90,6,,,0
3019,'1346588',1245,,91,6,,,0
3019,'1346599',805,,92,6,,,0
3019,'1346602',1708,,93,23,,,0
3019,'1346606',908,,94,23,,,0
3019,'1346614',1525,,95,6,,,0
3019,'1346625',1645,,96,6,,,0
3019,'1346634',1428,,97,23,,,0
3019,'1346635',1405,,98,6,,,0
3019,'1346637',1245,,99,6,,,0
3019,'1346639',1005,,100,6,,,0
3019,'1346643',1405,,101,6,,,0
3019,'1346645',1108,,102,23,,,0
3019,'1346646',1548,,103,23,,,0
3019,'1346648',1005,,104,6,,,0
3019,'1346650',1525,,105,6,,,0
3019,'1346652',1045,,106,6,,,0
3019,'1346657',1325,,107,6,,,0
3019,'1346661',1605,,108,6,,,0
3019,'1346670',1028,,109,23,,,0
3019,'1346675',948,,110,23,,,0
3019,'1346679',1725,,111,6,,,0
3019,'1346683',1045,,112,6,,,0
3019,'1346684',1645,,113,6,,,0
3019,'1346687',1148,,114,23,,,0
3019,'1346692',1605,,115,6,,,0
3019,'1346694',1445,,116,6,,,0
