1019,'1346483',933,,1,21,,,0
1019,'1346492',1733,,2,21,,,0
1019,'1346493',1233,,3,21,,,0
1019,'1346501',1133,,4,21,,,0
1019,'1346506',1333,,5,21,,,0
1019,'1346513',1733,,6,21,,,0
1019,'1346541',1433,,7,21,,,0
1019,'1346556',1033,,8,21,,,0
1019,'1346558',1533,,9,21,,,0
1019,'1346570',733,,10,21,,,0
1019,'1346574',1333,,11,21,,,0
1019,'1346575',1533,,12,21,,,0
1019,'1346581',1233,,13,21,,,0
1019,'1346583',1533,,14,21,,,0
1019,'1346592',1133,,15,21,,,0
1019,'1346593',1633,,16,21,,,0
1019,'1346601',1733,,17,21,,,0
1019,'1346609',1633,,18,21,,,0
1019,'1346616',1233,,19,21,,,0
1019,'1346618',1333,,20,21,,,0
1019,'1346619',933,,21,21,,,0
1019,'1346622',1633,,22,21,,,0
1019,'1346626',1433,,23,21,,,0
1019,'1346633',833,,24,21,,,0
1019,'1346647',1133,,25,21,,,0
1019,'1346658',1033,,26,21,,,0
1019,'1346668',1033,,27,21,,,0
1019,'1346680',1433,,28,21,,,0
1019,'1346681',933,,29,21,,,0
