1,1019,'1346483',1
1,1019,'1346492',2
1,1019,'1346493',3
1,1019,'1346501',4
1,1019,'1346506',5
1,1019,'1346513',6
1,1019,'1346541',7
1,1019,'1346556',8
1,1019,'1346558',9
1,1019,'1346570',10
1,1019,'1346574',11
1,1019,'1346575',12
1,1019,'1346581',13
1,1019,'1346583',14
1,1019,'1346592',15
1,1019,'1346593',16
1,1019,'1346601',17
1,1019,'1346609',18
1,1019,'1346616',19
1,1019,'1346618',20
1,1019,'1346619',21
1,1019,'1346622',22
1,1019,'1346626',23
1,1019,'1346633',24
1,1019,'1346647',25
1,1019,'1346658',26
1,1019,'1346668',27
1,1019,'1346680',28
1,1019,'1346681',29
2,2019,'1346481',30
2,2019,'1346486',31
2,2019,'1346498',32
2,2019,'1346500',33
2,2019,'1346522',34
2,2019,'1346525',35
2,2019,'1346536',36
2,2019,'1346540',37
2,2019,'1346554',38
2,2019,'1346572',39
2,2019,'1346584',40
2,2019,'1346585',41
2,2019,'1346589',42
2,2019,'1346595',43
2,2019,'1346607',44
2,2019,'1346615',45
2,2019,'1346620',46
2,2019,'1346623',47
2,2019,'1346628',48
2,2019,'1346632',49
2,2019,'1346651',50
2,2019,'1346656',51
2,2019,'1346660',52
2,2019,'1346662',53
2,2019,'1346671',54
2,2019,'1346672',55
2,2019,'1346674',56
2,2019,'1346682',57
2,2019,'1346688',58
3,3019,'1346485',59
3,3019,'1346488',60
3,3019,'1346490',61
3,3019,'1346495',62
3,3019,'1346496',63
3,3019,'1346504',64
3,3019,'1346505',65
3,3019,'1346507',66
3,3019,'1346508',67
3,3019,'1346510',68
3,3019,'1346511',69
3,3019,'1346512',70
3,3019,'1346514',71
3,3019,'1346518',72
3,3019,'1346524',73
3,3019,'1346530',74
3,3019,'1346537',75
3,3019,'1346539',76
3,3019,'1346543',77
3,3019,'1346546',78
3,3019,'1346551',79
3,3019,'1346553',80
3,3019,'1346557',81
3,3019,'1346559',82
3,3019,'1346562',83
3,3019,'1346563',84
3,3019,'1346564',85
3,3019,'1346565',86
3,3019,'1346567',87
3,3019,'1346576',88
3,3019,'1346577',89
3,3019,'1346586',90
3,3019,'1346588',91
3,3019,'1346599',92
3,3019,'1346602',93
3,3019,'1346606',94
3,3019,'1346614',95
3,3019,'1346625',96
3,3019,'1346634',97
3,3019,'1346635',98
3,3019,'1346637',99
3,3019,'1346639',100
3,3019,'1346643',101
3,3019,'1346645',102
3,3019,'1346646',103
3,3019,'1346648',104
3,3019,'1346650',105
3,3019,'1346652',106
3,3019,'1346657',107
3,3019,'1346661',108
3,3019,'1346670',109
3,3019,'1346675',110
3,3019,'1346679',111
3,3019,'1346683',112
3,3019,'1346684',113
3,3019,'1346687',114
3,3019,'1346692',115
3,3019,'1346694',116
4,4019,'1346487',117
4,4019,'1346489',118
4,4019,'1346503',119
4,4019,'1346517',120
4,4019,'1346520',121
4,4019,'1346521',122
4,4019,'1346523',123
4,4019,'1346526',124
4,4019,'1346527',125
4,4019,'1346533',126
4,4019,'1346538',127
4,4019,'1346545',128
4,4019,'1346549',129
4,4019,'1346550',130
4,4019,'1346568',131
4,4019,'1346597',132
4,4019,'1346600',133
4,4019,'1346604',134
4,4019,'1346605',135
4,4019,'1346624',136
4,4019,'1346644',137
4,4019,'1346655',138
4,4019,'1346673',139
4,4019,'1346676',140
4,4019,'1346685',141
4,4019,'1346691',142
5,5019,'1346482',143
5,5019,'1346494',144
5,5019,'1346502',145
5,5019,'1346528',146
5,5019,'1346532',147
5,5019,'1346535',148
5,5019,'1346542',149
5,5019,'1346544',150
5,5019,'1346547',151
5,5019,'1346548',152
5,5019,'1346552',153
5,5019,'1346560',154
5,5019,'1346566',155
5,5019,'1346578',156
5,5019,'1346579',157
5,5019,'1346582',158
5,5019,'1346587',159
5,5019,'1346594',160
5,5019,'1346603',161
5,5019,'1346608',162
5,5019,'1346613',163
5,5019,'1346627',164
5,5019,'1346630',165
5,5019,'1346641',166
5,5019,'1346659',167
5,5019,'1346686',168
