1019,'1346483',916,,1,2,,,0
1019,'1346492',1716,,2,2,,,0
1019,'1346493',1216,,3,2,,,0
1019,'1346501',1116,,4,2,,,0
1019,'1346506',1316,,5,2,,,0
1019,'1346513',1716,,6,2,,,0
1019,'1346541',1416,,7,2,,,0
1019,'1346556',1016,,8,2,,,0
1019,'1346558',1516,,9,2,,,0
1019,'1346570',716,,10,2,,,0
1019,'1346574',1316,,11,2,,,0
1019,'1346575',1516,,12,2,,,0
1019,'1346581',1216,,13,2,,,0
1019,'1346583',1516,,14,2,,,0
1019,'1346592',1116,,15,2,,,0
1019,'1346593',1616,,16,2,,,0
1019,'1346601',1716,,17,2,,,0
1019,'1346609',1616,,18,2,,,0
1019,'1346616',1216,,19,2,,,0
1019,'1346618',1316,,20,2,,,0
1019,'1346619',916,,21,2,,,0
1019,'1346622',1616,,22,2,,,0
1019,'1346626',1416,,23,2,,,0
1019,'1346633',816,,24,2,,,0
1019,'1346647',1116,,25,2,,,0
1019,'1346658',1016,,26,2,,,0
1019,'1346668',1016,,27,2,,,0
1019,'1346680',1416,,28,2,,,0
1019,'1346681',916,,29,2,,,0
