3019,'1346485',1630,,59,24,,,0
3019,'1346488',1327,,60,7,,,0
3019,'1346490',1447,,61,7,,,0
3019,'1346495',1127,,62,7,,,0
3019,'1346496',1350,,63,24,,,0
3019,'1346504',927,,64,7,,,0
3019,'1346505',1047,,65,7,,,0
3019,'1346507',1727,,66,7,,,0
3019,'1346508',1510,,67,24,,,0
3019,'1346510',1647,,68,7,,,0
3019,'1346511',750,,69,14,,,0
3019,'1346512',1230,,70,24,,,0
3019,'1346514',727,,71,7,,,0
3019,'1346518',1207,,72,7,,,0
3019,'1346524',927,,73,7,,,0
3019,'1346530',1327,,74,7,,,0
3019,'1346539',1127,,76,7,,,0
3019,'1346543',1310,,77,24,,,0
3019,'1346546',1127,,78,7,,,0
3019,'1346551',1447,,79,7,,,0
3019,'1346553',1207,,80,7,,,0
3019,'1346557',1407,,81,7,,,0
3019,'1346559',927,,82,7,,,0
3019,'1346562',830,,83,24,,,0
3019,'1346563',1247,,84,7,,,0
3019,'1346564',1527,,85,7,,,0
3019,'1346565',847,,86,7,,,0
3019,'1346567',1727,,87,7,,,0
3019,'1346576',1607,,88,7,,,0
3019,'1346577',1007,,89,7,,,0
3019,'1346586',1207,,90,7,,,0
3019,'1346588',1247,,91,7,,,0
3019,'1346599',807,,92,7,,,0
3019,'1346602',1710,,93,24,,,0
3019,'1346606',910,,94,24,,,0
3019,'1346614',1527,,95,7,,,0
3019,'1346625',1647,,96,7,,,0
3019,'1346634',1430,,97,24,,,0
3019,'1346635',1407,,98,7,,,0
3019,'1346637',1247,,99,7,,,0
3019,'1346639',1007,,100,7,,,0
3019,'1346643',1407,,101,7,,,0
3019,'1346645',1110,,102,24,,,0
3019,'1346646',1550,,103,24,,,0
3019,'1346648',1007,,104,7,,,0
3019,'1346650',1527,,105,7,,,0
3019,'1346652',1047,,106,7,,,0
3019,'1346657',1327,,107,7,,,0
3019,'1346661',1607,,108,7,,,0
3019,'1346670',1030,,109,24,,,0
3019,'1346675',950,,110,24,,,0
3019,'1346679',1727,,111,7,,,0
3019,'1346683',1047,,112,7,,,0
3019,'1346684',1647,,113,7,,,0
3019,'1346687',1150,,114,24,,,0
3019,'1346692',1607,,115,7,,,0
3019,'1346694',1447,,116,7,,,0
