5019,'1346482',1204,,143,16,,,0
5019,'1346494',1604,,144,16,,,0
5019,'1346502',1104,,145,16,,,0
5019,'1346528',1404,,146,16,,,0
5019,'1346532',1504,,147,16,,,0
5019,'1346535',1004,,148,16,,,0
5019,'1346542',1104,,149,16,,,0
5019,'1346544',1504,,150,16,,,0
5019,'1346547',804,,151,16,,,0
5019,'1346548',1704,,152,16,,,0
5019,'1346552',1404,,153,16,,,0
5019,'1346560',1704,,154,16,,,0
5019,'1346566',1004,,155,16,,,0
5019,'1346578',1304,,156,16,,,0
5019,'1346579',1104,,157,16,,,0
5019,'1346582',1604,,158,16,,,0
5019,'1346587',1704,,159,16,,,0
5019,'1346594',1304,,160,16,,,0
5019,'1346603',1204,,161,16,,,0
5019,'1346608',1504,,162,16,,,0
5019,'1346613',904,,163,16,,,0
5019,'1346627',1204,,164,16,,,0
5019,'1346630',1604,,165,16,,,0
5019,'1346641',1404,,166,16,,,0
5019,'1346659',1304,,167,16,,,0
5019,'1346686',1004,,168,16,,,0
